8281001866
8281011300
8281015136
8281016091
8281016238
8281019865
8281024720
8281032998
8281038244
8281040204
8281040516
8281041335
8281045972
8281049613
8281051093
8281055682
8281057405
8281059136
8281060064
8281061256
8281061330
8281061767
8281063820
8281070761
8281077766
8281081288
8281087834
8281090923
8281098390
8281112886
8281120146
8281123268
8281124859
8281128974
8281132741
8281142576
8281145188
8281151285
8281152316
8281153158
8281154910
8281156769
8281158318
8281160817
8281162420
8281165644
8281166439
8281167135
8281167619
8281169331
8281176715
8281177688
8281178538
8281181300
8281182311
8281190586
8281192298
8281196542
8281202008
8281213516
8281214837
8281217594
8281222095
8281222345
8281224189
8281225784
8281227342
8281228262
8281229075
8281232455
8281238451
8281245488
8281247019
8281251719
8281277402
8281287566
8281289060
8281295222
8281296878
8281302209
8281310445
8281312990
8281314048
8281324118
8281325042
8281343671
8281352059
8281357807
8281360638
8281369704
8281371720
8281376665
8281382018
8281385386
8281385836
8281387181
8281387708
8281388141
8281389434
8281394975
8281396123
8281415846
8281429450
8281432566
8281434416
8281438798
8281457974
8281462727
8281465490
8281468484
8281477575
8281508758
8281512697
8281534661
8281542693
8281558368
8281566827
8281570270
8281571639
8281576504
8281576776
8281588605
8281596177
8281596335
8281600987
8281611389
8281613913
8281635867
8281637881
8281644865
8281645704
8281651304
8281656142
8281657030
8281671178
8281683851
8281703551
8281711706
8281715090
8281743527
8281747368
8281748925
8281750628
8281760428
8281768964
8281803464
8281813694
8281815011
8281820229
8281829622
8281830641
8281848748
8281890877
8281896467
8281899089
8281924430
8281927269
8282030609
8282176407
8282187663
8282204305
8282221105
8282221219
8282221312
8282221481
8282221574
8282221711
8282223233
8282231309
8282231534
8282235585
8282241164
8282257516
8282262766
8282264123
8282264133
8282265134
8282270170
8282271108
8282271113
8282271137
8282271141
8282271144
8282271145
8282271158
8282271238
8282271413
8282271464
8282271480
8282273172
8282281116
8282285000
8282286111
8282286127
8282286146
8282287114
8282287117
8282287125
8282311381
8282322081
8282324116
8282325177
8282325211
8282325222
8282325766
8282326213
8282326393
8282327210
8282327577
8282327817
8282327869
8282327963
8282327979
8282333637
8282337106
8282337446
8282338730
8282338965
8282354271
8282355414
8282358174
8282358510
8282358562
8282364122
8282377007
8282420101
8282420141
8282420163
8282420191
8282421212
8282421219
8282421225
8282421234
8282421241
8282421254
8282421274
8282421282
8282421291
8282421317
8282421321
8282421328
8282421343
8282421362
8282421366
8282421370
8282421371
8282421420
8282421465
8282421480
8282421523
8282421579
8282421638
8282429219
8282429411
8282429608
8282551226
8282551228
8282551231
8282551248
8282551256
8282551260
8282551261
8282551263
8282551286
8282551288
8282551297
8282551308
8282551310
8282551311
8282551356
8282551370
8282551382
8282551420
8282551451
8282551457
8282551472
8282551481
8282551589
8282551611
8282621103
8282621142
8282621271
8282623143
8282641202
8282641312
8282641400
8282666331
8282666550
8282686129
8282740111
8282932829
8282964437
8282965569
8282975126
8282975269
8282979663
8282998524
8283134309
8283188795
8283257639
8284206905
8285694763
8286411751
8287017334
8287025279
8287026935
8287028062
8287035219
8287043690
8287044313
8287044749
8287045580
8287052126
8287058270
8287060564
8287062110
8287072921
8287073808
8287074845
8287075513
8287076777
8287077511
8287079107
8287079681
8287080620
8287081773
8287084799
8287085373
8287087832
8287088903
8287114149
8287115700
8287116884
8287132701
8287134555
8287136265
8287183439
8287186200
8287198574
8287198917
8287212109
8287212752
8287215981
8287218405
8287218767
8287233295
8287233435
8287242329
8287249415
8287250212
8287251121
8287251269
8287255535
8287258887
8287272151
8287280743
8287286001
8287289204
8287294018
8287314235
8287314975
8287326555
8287337520
8287341042
8287343031
8287344552
8287358157
8287360061
8287383225
8287424476
8287436778
8287446280
8287492630
8287492779
8287534419
8287535691
8287787517
8288004458
8288012043
8288013105
8288013210
8288013345
8288014305
8288016161
8288016365
8288016642
8288016904
8288018097
8288019588
8288020248
8288023403
8288024675
8288025001
8288025525
8288027038
8288029737
8288030857
8288032507
8288033833
8288033888
8288033978
8288035418
8288035642
8288042898
8288043157
8288044409
8288044410
8288044489
8288044683
8288045639
8288046525
8288046542
8288047472
8288047738
8288048328
8288048452
8288049726
8288051945
8288052774
8288052957
8288053005
8288053518
8288054732
8288056365
8288056695
8288058441
8288058849
8288060032
8288060390
8288063336
8288064257
8288064587
8288064931
8288065014
8288065169
8288071400
8288073595
8288074936
8288078568
8288078654
8288078753
8288079209
8288079813
8288080423
8288080427
8288085122
8288085229
8288085563
8288087375
8288087712
8288087813
8288088390
8288091120
8288091355
8288093971
8288094053
8288094331
8288094557
8288097312
8288099450
8288099829
8288099952
8288103417
8288104592
8288106513
8288106630
8288110439
8288110887
8288113291
8288115595
8288116223
8288117035
8288117901
8288118275
8288119405
8288122108
8288124987
8288127251
8288128371
8288128581
8288128842
8288130274
8288130616
8288133136
8288133277
8288133446
8288134684
8288135875
8288136614
8288137923
8288138113
8288138471
8288141679
8288143259
8288144140
8288144394
8288145105
8288146018
8288147515
8288147997
8288148279
8288148746
8288148824
8288149162
8288149280
8288149289
8288150502
8288151043
8288151865
8288154453
8288154864
8288156153
8288156380
8288156404
8288157816
8288158737
8288159866
8288160764
8288161601
8288162285
8288162646
8288162756
8288164116
8288164434
8288164989
8288165054
8288165521
8288166105
8288166166
8288166327
8288167174
8288167300
8288167618
8288168269
8288169365
8288169627
8288169794
8288169968
8288170529
8288172246
8288172991
8288173278
8288173559
8288173808
8288174280
8288174525
8288174632
8288175463
8288176140
8288177870
8288178594
8288179728
8288180525
8288182519
8288182837
8288183260
8288183388
8288185095
8288185367
8288185449
8288187175
8288187625
8288188622
8288189513
8288190495
8288190651
8288191221
8288191794
8288193225
8288193690
8288195636
8288196237
8288197556
8288197598
8288197766
8288197777
8288198310
8288199829
8288206492
8288207772
8288211519
8288213387
8288214346
8288215902
8288217567
8288218122
8288218147
8288218810
8288218870
8288218962
8288219336
8288220914
8288221439
8288222182
8288222268
8288222947
8288224742
8288226424
8288228213
8288229386
8288230379
8288231218
8288231322
8288231986
8288234662
8288235000
8288239233
8288239334
8288239649
8288239650
8288240112
8288240383
8288241352
8288241634
8288242113
8288243366
8288248133
8288248370
8288248760
8288249095
8288249193
8288249265
8288249455
8288252405
8288252647
8288254049
8288254385
8288255234
8288255277
8288256015
8288256905
8288259531
8288263699
8288265418
8288266029
8288267621
8288267871
8288268208
8288269435
8288269695
8288270738
8288271604
8288271850
8288272711
8288273178
8288273386
8288273748
8288275050
8288275339
8288275436
8288276301
8288276452
8288276755
8288278141
8288280813
8288282021
8288283096
8288283488
8288286004
8288288121
8288291423
8288294494
8288296800
8288298100
8288298290
8288301934
8288302442
8288305633
8288307391
8288308026
8288310931
8288311072
8288313147
8288313250
8288313495
8288314912
8288315889
8288315935
8288316937
8288319227
8288321342
8288322435
8288322492
8288322697
8288323438
8288323494
8288323672
8288325810
8288327990
8288328732
8288330447
8288331759
8288331868
8288331883
8288334970
8288337391
8288338502
8288341837
8288342098
8288343926
8288344773
8288345060
8288349050
8288356217
8288356708
8288357010
8288357121
8288357130
8288361749
8288362993
8288365783
8288367465
8288367708
8288367973
8288369615
8288369674
8288370623
8288370911
8288371630
8288372043
8288373719
8288374322
8288375068
8288375112
8288376417
8288378146
8288379949
8288382049
8288387337
8288387345
8288387697
8288387917
8288393663
8288395070
8288396985
8288397345
8288397613
8288398204
8288398565
8288402061
8288402701
8288406780
8288411077
8288411453
8288411529
8288411647
8288412664
8288412667
8288412736
8288417021
8288418793
8288418939
8288419005
8288419102
8288421796
8288422542
8288423564
8288427782
8288430593
8288437242
8288438349
8288438813
8288440134
8288440897
8288441653
8288443660
8288448815
8288450225
8288450689
8288451746
8288452548
8288453318
8288454507
8288454623
8288454764
8288455280
8288455521
8288455698
8288455979
8288457921
8288459689
8288462694
8288464599
8288465223
8288467106
8288468976
8288470001
8288472092
8288472419
8288474112
8288475771
8288476946
8288477420
8288478252
8288481171
8288481655
8288481688
8288482921
8288483276
8288486964
8288488887
8288492708
8288493177
8288493844
8288495985
8288496029
8288496770
8288497590
8288499102
8288499104
8288504947
8288506225
8288510335
8288510520
8288511337
8288512133
8288515005
8288516720
8288521539
8288522645
8288523785
8288524222
8288524727
8288527140
8288527407
8288528226
8288531272
8288531715
8288532034
8288532304
8288532378
8288532641
8288532673
8288534147
8288536006
8288538370
8288542765
8288543634
8288545139
8288545554
8288545790
8288547709
8288548037
8288548609
8288549028
8288549166
8288550520
8288551449
8288553540
8288553977
8288555287
8288561315
8288561458
8288561528
8288563682
8288564578
8288565113
8288566697
8288571072
8288571260
8288571959
8288572881
8288577615
8288583325
8288584495
8288588348
8288591457
8288593208
8288595316
8288596386
8288597433
8288598220
8288598771
8288601143
8288601254
8288605158
8288606539
8288608247
8288611703
8288615115
8288616727
8288618344
8288619401
8288619587
8288620887
8288620919
8288622524
8288626960
8288628045
8288628504
8288628770
8288629094
8288630372
8288631517
8288632958
8288633211
8288634469
8288640299
8288642635
8288645496
8288647030
8288647083
8288647418
8288652466
8288652485
8288653104
8288656245
8288656919
8288660419
8288660605
8288660795
8288663640
8288675483
8288676637
8288677264
8288678316
8288678635
8288682888
8288685458
8288690079
8288694959
8288705953
8288710778
8288711115
8288713172
8288714185
8288717613
8288718238
8288722545
8288740255
8288741263
8288741598
8288742057
8288745700
8288746240
8288749342
8288749387
8288749888
8288750204
8288751040
8288751099
8288751894
8288751983
8288755102
8288760473
8288761079
8288761135
8288768326
8288770249
8288770851
8288773656
8288776209
8288779320
8288779840
8288783993
8288785074
8288785650
8288787673
8288788101
8288790975
8288794343
8288796473
8288797520
8288797646
8288798236
8288799201
8288800119
8288804042
8288808690
8288813524
8288815435
8288816341
8288816917
8288818109
8288820433
8288820468
8288825290
8288827207
8288831713
8288841700
8288847201
8288851150
8288857940
8288861041
8288861476
8288862212
8288862353
8288862520
8288863271
8288864705
8288869633
8288873171
8288873963
8288877723
8288888895
8288888907
8288889228
8288892920
8288895261
8288901853
8288912177
8288913936
8288918383
8288918849
8288919195
8288924617
8288927258
8288936592
8288936594
8288939102
8288941754
8288942332
8288942731
8288947314
8288948241
8288948586
8288949882
8288953158
8288954203
8288956743
8288968399
8288975796
8288981183
8288982709
8288985247
8288986327
8288987331
8288991806
8288998016
8291001556
8291002243
8291003143
8291003345
8291006298
8291010132
8291010433
8291010757
8291011192
8291011410
8291012064
8291012821
8291012883
8291012897
8291013162
8291013245
8291013818
8291014211
8291014328
8291015219
8291015588
8291015882
8291016072
8291016112
8291016160
8291016410
8291017301
8291017376
8291017509
8291018775
8291019995
8291020253
8291021069
8291021300
8291021547
8291022335
8291022750
8291023025
8291023388
8291023431
8291023613
8291023721
8291024150
8291025910
8291025931
8291026898
8291028483
8291029442
8291030757
8291031207
8291031636
8291032134
8291032576
8291034476
8291035030
8291035608
8291036052
8291036559
8291036571
8291036617
8291039160
8291039201
8291040972
8291042288
8291042690
8291043672
8291043858
8291044019
8291044153
8291045154
8291046129
8291047032
8291047606
8291048179
8291048892
8291049172
8291049527
8291049890
8291050280
8291050468
8291050596
8291050608
8291051089
8291052871
8291053347
8291053570
8291054108
8291054405
8291054406
8291056474
8291057213
8291057494
8291057877
8291058308
8291058417
8291059131
8291060311
8291060908
8291061146
8291062581
8291062725
8291063124
8291063287
8291064029
8291064491
8291064935
8291067008
8291067342
8291067402
8291067918
8291068022
8291068173
8291068847
8291070453
8291070485
8291071070
8291071450
8291072199
8291072566
8291074746
8291075291
8291075404
8291075445
8291075673
8291075679
8291075736
8291075971
8291076160
8291076437
8291076844
8291078742
8291079917
8291080262
8291080605
8291080740
8291081976
8291082432
8291082496
8291082517
8291083642
8291084777
8291085383
8291085404
8291086013
8291086054
8291086705
8291087521
8291088051
8291088502
8291089217
8291089890
8291090677
8291097643
8291097842
8291098624
8291098677
8291098962
8291099105
8291099654
8291100181
8291100773
8291104024
8291112604
8291113348
8291113882
8291114776
8291115376
8291115622
8291115802
8291116658
8291117342
8291117522
8291117545
8291117857
8291118487
8291118897
8291120109
8291120911
8291120957
8291121505
8291121521
8291121723
8291121786
8291121861
8291123203
8291123347
8291124300
8291124905
8291125067
8291125404
8291127730
8291128027
8291128435
8291128482
8291128512
8291129387
8291129569
8291129700
8291130167
8291131220
8291132334
8291132379
8291132734
8291133426
8291134802
8291135799
8291137018
8291137449
8291137474
8291137496
8291137779
8291138552
8291139007
8291139489
8291139922
8291140989
8291143306
8291144222
8291146221
8291146713
8291147866
8291148005
8291148827
8291149317
8291149416
8291151090
8291151742
8291152470
8291152676
8291152691
8291154958
8291156178
8291156315
8291157444
8291157890
8291158158
8291158253
8291158927
8291159420
8291159801
8291160606
8291160705
8291160902
8291161445
8291162222
8291162710
8291163791
8291164295
8291164759
8291165233
8291165604
8291166263
8291166486
8291166655
8291168071
8291168649
8291169761
8291169955
8291170692
8291170915
8291171300
8291172668
8291172964
8291173028
8291174090
8291177382
8291177405
8291177441
8291177738
8291177835
8291180482
8291181850
8291182228
8291182326
8291182393
8291183430
8291183512
8291185031
8291185210
8291185382
8291185965
8291188284
8291190269
8291190416
8291190784
8291191497
8291192075
8291192379
8291192558
8291193601
8291193668
8291194202
8291194494
8291195240
8291197724
8291202417
8291203834
8291204826
8291209336
8291209573
8291209640
8291210475
8291212785
8291213454
8291213625
8291215045
8291215392
8291215555
8291216058
8291216260
8291217465
8291217713
8291218842
8291219096
8291219264
8291219620
8291219981
8291220242
8291220434
8291221657
8291221735
8291221824
8291222322
8291222393
8291222432
8291222885
8291223421
8291223936
8291224835
8291225065
8291225156
8291225231
8291225636
8291226815
8291226916
8291227306
8291227453
8291228781
8291229250
8291229313
8291229388
8291229685
8291229870
8291230036
8291230211
8291230322
8291230360
8291230637
8291231139
8291231755
8291232099
8291232951
8291233113
8291233365
8291233848
8291234119
8291234367
8291234434
8291234929
8291235352
8291235912
8291235962
8291236840
8291236881
8291236917
8291236956
8291237824
8291238185
8291239834
8291240415
8291240942
8291241914
8291242844
8291243525
8291243558
8291244444
8291245193
8291245214
8291246598
8291246841
8291249167
8291249575
8291249659
8291250198
8291250406
8291250429
8291250988
8291252216
8291252342
8291254075
8291254213
8291254684
8291255153
8291256319
8291256340
8291256431
8291257480
8291257510
8291259204
8291259340
8291260074
8291260349
8291260567
8291260588
8291262419
8291263083
8291264916
8291265318
8291266233
8291266587
8291266693
8291266863
8291268020
8291268921
8291271078
8291271856
8291272356
8291272577
8291273860
8291274215
8291275406
8291275473
8291275479
8291276098
8291276728
8291276993
8291277993
8291278546
8291278714
8291279027
8291279048
8291279907
8291280410
8291281970
8291282694
8291284295
8291286058
8291286294
8291286317
8291286744
8291287584
8291287855
8291288381
8291288648
8291289307
8291289315
8291289437
8291289716
8291289747
8291289749
8291290709
8291291263
8291291414
8291291532
8291291582
8291292698
8291292770
8291293622
8291294619
8291294831
8291295002
8291296507
8291296882
8291298112
8291298788
8291305626
8291306448
8291307412
8291310082
8291310516
8291310784
8291312439
8291313699
8291313745
8291314318
8291314496
8291314800
8291316322
8291316925
8291317032
8291318015
8291320089
8291320284
8291321556
8291325416
8291325914
8291325980
8291326100
8291326202
8291327168
8291327186
8291327930
8291328245
8291328420
8291328875
8291328972
8291329283
8291329728
8291330150
8291330584
8291331046
8291332034
8291332801
8291333225
8291333293
8291334230
8291334601
8291335319
8291335527
8291338277
8291338553
8291338659
8291339127
8291339215
8291339991
8291341363
8291343857
8291343938
8291345254
8291345797
8291346424
8291346626
8291348909
8291349001
8291351833
8291351980
8291351981
8291352625
8291353133
8291354132
8291356989
8291357532
8291357780
8291358257
8291358304
8291358810
8291359998
8291360036
8291361806
8291362261
8291362871
8291363595
8291364052
8291364459
8291365414
8291365678
8291367467
8291368014
8291368235
8291369858
8291370481
8291370979
8291373142
8291373305
8291375615
8291377679
8291378793
8291380108
8291380624
8291380752
8291381983
8291382249
8291384054
8291385177
8291386086
8291386470
8291387310
8291388028
8291388754
8291388884
8291389264
8291390124
8291390594
8291392935
8291393519
8291393527
8291395597
8291395780
8291395783
8291396451
8291396579
8291396608
8291397652
8291398840
8291399970
8291401820
8291402863
8291405611
8291406439
8291410365
8291410376
8291410387
8291410526
8291410793
8291411168
8291411373
8291412198
8291412267
8291414427
8291414959
8291415261
8291415514
8291415539
8291415808
8291416142
8291417273
8291417540
8291417994
8291418007
8291418063
8291418367
8291418653
8291418753
8291421010
8291421706
8291421773
8291423832
8291424013
8291424428
8291427043
8291428558
8291428594
8291431374
8291432822
8291433490
8291434171
8291434179
8291435162
8291435579
8291437315
8291437370
8291437675
8291437703
8291438483
8291439742
8291439967
8291440077
8291440460
8291442086
8291442616
8291442964
8291443377
8291443434
8291443461
8291443708
8291444097
8291444154
8291444731
8291445187
8291445554
8291447249
8291448239
8291450628
8291450647
8291450688
8291451522
8291452962
8291454621
8291454632
8291454681
8291456625
8291456837
8291456922
8291457605
8291457978
8291459138
8291459658
8291459662
8291459952
8291461666
8291461825
8291463026
8291464008
8291464094
8291467734
8291468311
8291470318
8291471055
8291472317
8291475386
8291475640
8291476458
8291478217
8291479610
8291479658
8291480945
8291481464
8291482418
8291482595
8291485573
8291485901
8291486287
8291487962
8291488665
8291489148
8291489551
8291490541
8291491651
8291491857
8291492153
8291492172
8291493593
8291494014
8291494295
8291494639
8291495509
8291495558
8291495559
8291495572
8291495961
8291496128
8291498644
8291502424
8291503648
8291505054
8291505757
8291506692
8291507588
8291508015
8291508496
8291511276
8291512016
8291512311
8291512402
8291514684
8291515364
8291515375
8291515957
8291516146
8291518905
8291519601
8291519659
8291520262
8291520284
8291524611
8291525750
8291527863
8291527891
8291528774
8291528975
8291529981
8291530257
8291530486
8291531689
8291533278
8291533528
8291533954
8291534212
8291534308
8291535540
8291535708
8291536670
8291540941
8291542143
8291542319
8291542449
8291542458
8291547975
8291548811
8291549506
8291549811
8291549852
8291549854
8291550299
8291551077
8291551518
8291557066
8291558378
8291558401
8291558464
8291559781
8291560687
8291561219
8291561568
8291563304
8291563429
8291563729
8291563960
8291565285
8291566416
8291566469
8291566874
8291567312
8291567456
8291568618
8291570732
8291570848
8291571910
8291571963
8291572561
8291573221
8291573680
8291573738
8291574125
8291575606
8291575671
8291575784
8291577229
8291577342
8291578598
8291580423
8291581865
8291583878
8291585500
8291587278
8291587284
8291587521
8291591057
8291591108
8291592712
8291594680
8291596979
8291597759
8291598287
8291598289
8291604303
8291612720
8291612787
8291615056
8291615291
8291616857
8291620320
8291620666
8291621446
8291622416
8291622633
8291623949
8291624696
8291624704
8291625411
8291626542
8291626834
8291627798
8291628044
8291629199
8291633669
8291635302
8291636294
8291636619
8291637372
8291637464
8291638153
8291638462
8291639686
8291642032
8291642857
8291645245
8291645314
8291645631
8291646246
8291650860
8291652348
8291656211
8291656233
8291657417
8291657845
8291658390
8291659144
8291660038
8291661126
8291661868
8291662341
8291663416
8291663700
8291664758
8291668224
8291668668
8291671297
8291672080
8291674252
8291674505
8291674964
8291675031
8291675410
8291675548
8291676571
8291676727
8291679878
8291679910
8291681436
8291683468
8291687799
8291689144
8291689782
8291691137
8291691443
8291696809
8291698823
8291705464
8291707548
8291711670
8291711823
8291712808
8291713320
8291716603
8291717433
8291718958
8291722974
8291728684
8291728950
8291732253
8291736911
8291736964
8291740092
8291740264
8291740788
8291741503
8291741589
8291743861
8291744315
8291744776
8291746170
8291746303
8291747417
8291747735
8291748341
8291748894
8291751337
8291751575
8291754205
8291759195
8291762302
8291763823
8291766998
8291768709
8291769993
8291771675
8291772419
8291772894
8291774582
8291774605
8291775150
8291775202
8291775570
8291775869
8291775931
8291778265
8291778530
8291779251
8291779429
8291779831
8291781005
8291783025
8291783341
8291786154
8291786724
8291788030
8291790094
8291791728
8291794812
8291797539
8291799247
8291805319
8291808121
8291809522
8291810694
8291811490
8291811957
8291815211
8291820103
8291823512
8291828281
8291830873
8291833682
8291835651
8291835960
8291837296
8291838289
8291838480
8291839214
8291839508
8291839938
8291842213
8291843366
8291844373
8291846270
8291847186
8291850011
8291854251
8291854288
8291855229
8291855238
8291856264
8291856562
8291858489
8291865795
8291875735
8291876642
8291878389
8291883448
8291888141
8291888530
8291894126
8291897281
8291899503
8291902351
8291903413
8291904563
8291904610
8291907522
8291909263
8291909668
8291909722
8291909739
8291912884
8291913175
8291919255
8291920027
8291920648
8291921074
8291921822
8291925851
8291927244
8291928064
8291928580
8291932555
8291941872
8291943960
8291944167
8291948089
8291952186
8291952313
8291954246
8291954918
8291955142
8291955862
8291956965
8291957590
8291958225
8291959814
8291964910
8291969910
8291977303
8291981113
8291989806
8291990422
8291990778
8291990801
8291992381
8291994443
8291994746
8291994926
8291998045
8292123202
8292189121
8292221061
8292531526
8292575172
8292594923
8292636206
8292829349
8293001573
8293010283
8293011097
8293012382
8293012531
8293012633
8293012811
8293013000
8293013838
8293013895
8293016868
8293017180
8293017346
8293018623
8293019935
8293021111
8293022701
8293022762
8293023220
8293024065
8293024878
8293025013
8293026596
8293027754
8293027860
8293028648
8293028976
8293030530
8293030731
8293031133
8293031995
8293033250
8293034070
8293034645
8293034648
8293034933
8293035796
8293035809
8293036459
8293037036
8293038007
8293038020
8293038036
8293038535
8293038958
8293039238
8293039551
8293039758
8293041039
8293041523
8293041623
8293042039
8293042204
8293042384
8293043075
8293043164
8293045299
8293045445
8293046741
8293046931
8293047289
8293048011
8293048067
8293048852
8293050082
8293050152
8293050682
8293050958
8293052361
8293052670
8293053525
8293053791
8293054263
8293055518
8293056037
8293056571
8293056794
8293057336
8293057389
8293057776
8293058344
8293058932
8293059100
8293059900
8293061006
8293061348
8293061548
8293061804
8293062732
8293062951
8293063514
8293063516
8293064429
8293065207
8293065499
8293065881
8293066654
8293066983
8293067453
8293067736
8293068529
8293068800
8293069406
8293069512
8293070273
8293070699
8293072150
8293072251
8293072397
8293072457
8293072623
8293072797
8293073378
8293073787
8293074291
8293074896
8293075907
8293075958
8293076046
8293076118
8293076310
8293076501
8293077788
8293078365
8293078659
8293078761
8293080112
8293080163
8293080525
8293081086
8293081432
8293081547
8293081553
8293081710
8293082001
8293083091
8293083250
8293083855
8293084102
8293084853
8293085782
8293086253
8293087967
8293088956
8293089058
8293090087
8293090186
8293090294
8293090672
8293090949
8293091050
8293091713
8293093001
8293093529
8293093565
8293093660
8293093874
8293094180
8293096268
8293096816
8293097861
8293099378
8293099736
8293099793
8293099798
8293105248
8293106530
8293108056
8293108155
8293108492
8293108535
8293109251
8293111573
8293112338
8293112374
8293112728
8293113821
8293114200
8293116344
8293116388
8293117245
8293117337
8293117520
8293117933
8293119238
8293119788
8293121379
8293122141
8293122241
8293122357
8293123038
8293123952
8293125122
8293125233
8293125671
8293125795
8293125813
8293126164
8293126226
8293126637
8293127461
8293128843
8293129607
8293130048
8293130267
8293130284
8293131170
8293132793
8293133092
8293133425
8293133608
8293133611
8293134017
8293134040
8293134090
8293134097
8293134174
8293134241
8293135680
8293136067
8293137581
8293137988
8293138273
8293138419
8293138620
8293138900
8293139040
8293140101
8293140179
8293141466
8293141570
8293141657
8293141800
8293141943
8293142039
8293142502
8293142554
8293144890
8293145587
8293146775
8293146878
8293148567
8293148749
8293149705
8293150626
8293151885
8293152188
8293152778
8293153535
8293154332
8293155242
8293155781
8293156005
8293156069
8293156162
8293157340
8293157712
8293158286
8293158380
8293158575
8293158864
8293159286
8293159376
8293160249
8293160921
8293161402
8293161614
8293162459
8293163020
8293164048
8293164239
8293164780
8293164787
8293165889
8293166877
8293167342
8293168008
8293171305
8293173119
8293173495
8293173526
8293174092
8293175087
8293175622
8293175657
8293175740
8293176937
8293177127
8293177835
8293178820
8293179341
8293180078
8293181992
8293183087
8293185701
8293185781
8293186247
8293186414
8293186492
8293186525
8293187059
8293187151
8293187190
8293187370
8293197327
8293197366
8293198303
8293202022
8293203808
8293211036
8293211615
8293212443
8293212535
8293212958
8293213389
8293213612
8293214050
8293214255
8293215296
8293215442
8293215453
8293216933
8293217266
8293217893
8293220408
8293222323
8293223799
8293225279
8293225926
8293226980
8293228133
8293228584
8293229450
8293230117
8293230721
8293230823
8293230872
8293232310
8293232323
8293233638
8293234154
8293234465
8293235619
8293235887
8293236300
8293236456
8293237917
8293238696
8293238715
8293239393
8293239438
8293240400
8293241111
8293242550
8293246110
8293246409
8293246609
8293246615
8293249106
8293250890
8293250924
8293251163
8293251341
8293254926
8293255291
8293256846
8293257521
8293257923
8293258115
8293258809
8293258819
8293259519
8293259650
8293260075
8293261222
8293263007
8293263525
8293264484
8293264615
8293265614
8293265949
8293266466
8293267676
8293270454
8293271004
8293271581
8293275018
8293275070
8293275962
8293276389
8293277385
8293279271
8293281349
8293281804
8293281970
8293284055
8293284155
8293284974
8293285062
8293285087
8293285151
8293285832
8293287882
8293288485
8293289031
8293289345
8293290247
8293291323
8293291371
8293293733
8293295224
8293295248
8293296016
8293296227
8293297322
8293298078
8293298130
8293299187
8293299444
8293305996
8293311050
8293311189
8293311981
8293312235
8293314016
8293314470
8293314794
8293315423
8293316136
8293317252
8293317600
8293318856
8293319094
8293320558
8293321196
8293321271
8293321784
8293321921
8293323787
8293327251
8293328130
8293328887
8293328900
8293329735
8293331511
8293331610
8293331614
8293332290
8293332369
8293332876
8293333567
8293333727
8293333964
8293334357
8293336413
8293336497
8293336777
8293337098
8293337231
8293337456
8293339320
8293339698
8293341141
8293341795
8293343014
8293343670
8293349349
8293349436
8293349981
8293354733
8293356297
8293357947
8293358594
8293359488
8293361085
8293361150
8293362374
8293362396
8293362686
8293363847
8293363863
8293364102
8293364164
8293365809
8293366839
8293367049
8293368754
8293368818
8293369962
8293376443
8293376672
8293379227
8293379392
8293379443
8293381606
8293381875
8293383220
8293385273
8293385304
8293386401
8293386549
8293387114
8293395516
8293395797
8293404891
8293408461
8293410009
8293410777
8293410810
8293411408
8293412295
8293412337
8293412363
8293413130
8293414631
8293414632
8293415326
8293415636
8293415897
8293415968
8293417466
8293417477
8293417540
8293417613
8293418932
8293419202
8293431374
8293440252
8293442804
8293445709
8293445887
8293445897
8293450241
8293454880
8293456940
8293483318
8293489952
8293491247
8293494915
8293501899
8293510045
8293510299
8293510967
8293511219
8293512415
8293512514
8293513322
8293513499
8293514242
8293514677
8293514821
8293515051
8293517007
8293518632
8293519440
8293523459
8293527705
8293541889
8293542793
8293545783
8293550120
8293551484
8293558187
8293564870
8293580032
8293584752
8293586514
8293587767
8293596603
8293597569
8293610477
8293611220
8293611382
8293611794
8293613085
8293613138
8293613577
8293617387
8293618150
8293642068
8293644096
8293644122
8293649138
8293649141
8293661130
8293666783
8293670659
8293671222
8293674303
8293674308
8293691644
8293693739
8293704847
8293712814
8293713134
8293717920
8293718261
8293718851
8293718853
8293718939
8293718984
8293719587
8293723151
8293723271
8293723277
8293724734
8293736608
8293752704
8293767856
8293771928
8293790510
8293805035
8293810660
8293811801
8293812132
8293812669
8293813525
8293813535
8293813978
8293815164
8293815580
8293816080
8293816414
8293816993
8293817205
8293817440
8293817764
8293818016
8293818151
8293818835
8293819163
8293819354
8293819401
8293819460
8293832040
8293832233
8293866050
8293872731
8293973983
8293974658
8294001117
8294001131
8294010780
8294018387
8294024604
8294040667
8294052633
8294053471
8294126187
8294139727
8294440818
8294441314
8294441686
8294441722
8294442469
8294444300
8294446774
8294447063
8294448841
8294449682
8295182886
8296000001
8296000375
8296001046
8296001060
8296001384
8296001813
8296002528
8296002957
8296003061
8296003128
8296003447
8296003846
8296004275
8296004314
8296004896
8296005384
8296005623
8296006071
8296008018
8296008331
8296008455
8296010083
8296010259
8296010890
8296011187
8296011633
8296011656
8296011981
8296012018
8296012183
8296012212
8296012414
8296012700
8296012843
8296013420
8296014282
8296014403
8296014698
8296014704
8296015074
8296015162
8296015440
8296015470
8296015674
8296016061
8296016552
8296017450
8296018915
8296019516
8296019664
8296020585
8296022267
8296023077
8296025038
8296025857
8296025959
8296030401
8296030976
8296030989
8296031018
8296031084
8296031335
8296031803
8296032111
8296032628
8296032977
8296033491
8296033863
8296033990
8296034368
8296034688
8296035363
8296037142
8296037392
8296037727
8296037803
8296038003
8296038986
8296039624
8296040627
8296041159
8296042263
8296043031
8296043076
8296043081
8296043958
8296043988
8296044118
8296044456
8296045314
8296046914
8296047208
8296047806
8296048091
8296048495
8296049262
8296049584
8296050064
8296051947
8296052816
8296053193
8296053242
8296053265
8296053818
8296053939
8296054356
8296055046
8296055320
8296055981
8296056536
8296057592
8296057704
8296057730
8296057874
8296057931
8296058015
8296058180
8296058241
8296059191
8296059718
8296060154
8296060595
8296060832
8296060847
8296061004
8296061098
8296061147
8296061491
8296061690
8296062874
8296063023
8296063339
8296063578
8296063678
8296063720
8296064273
8296065079
8296065503
8296066046
8296066543
8296066667
8296067011
8296067012
8296067556
8296067843
8296068146
8296070343
8296070778
8296070790
8296071093
8296071338
8296072137
8296072347
8296073807
8296073944
8296074268
8296075550
8296075633
8296076007
8296077987
8296078153
8296079293
8296079388
8296080393
8296080590
8296080651
8296081848
8296082210
8296083596
8296083656
8296084222
8296085056
8296085085
8296085515
8296086380
8296086574
8296087777
8296089488
8296093296
8296094231
8296095659
8296100664
8296101474
8296101813
8296105910
8296106507
8296109862
8296110360
8296111010
8296111270
8296111322
8296112115
8296112336
8296112443
8296113466
8296115808
8296115844
8296116241
8296116245
8296117873
8296118791
8296120892
8296121332
8296121525
8296121836
8296122101
8296122144
8296122653
8296123026
8296123413
8296125651
8296126215
8296126920
8296127189
8296127461
8296129219
8296130242
8296131765
8296132239
8296132565
8296132640
8296133419
8296136558
8296136681
8296137635
8296138447
8296139044
8296139330
8296139540
8296140046
8296140816
8296141409
8296142780
8296142954
8296143200
8296143808
8296144697
8296145997
8296146369
8296147308
8296148226
8296148774
8296148803
8296148953
8296149282
8296149283
8296150343
8296152421
8296152925
8296153132
8296153884
8296158840
8296159631
8296159946
8296159955
8296160365
8296161637
8296161638
8296161700
8296161957
8296163468
8296163993
8296165533
8296165699
8296168301
8296170002
8296170543
8296170558
8296174821
8296176889
8296178255
8296178531
8296179088
8296179628
8296179987
8296180101
8296180148
8296181236
8296181431
8296183888
8296183986
8296185461
8296186051
8296187404
8296188256
8296188810
8296191070
8296191215
8296191668
8296192494
8296194712
8296194770
8296198002
8296199503
8296200911
8296201596
8296202092
8296202428
8296203138
8296203182
8296204641
8296205245
8296205526
8296206130
8296206968
8296208575
8296209749
8296210691
8296211914
8296214378
8296214389
8296214645
8296215057
8296215144
8296215835
8296216661
8296217269
8296217661
8296217896
8296218549
8296221500
8296221746
8296221915
8296222148
8296222858
8296226032
8296226149
8296228001
8296228828
8296230037
8296230872
8296232939
8296232952
8296233940
8296238026
8296240543
8296242045
8296242105
8296242173
8296242243
8296245237
8296246370
8296247172
8296247373
8296247627
8296248278
8296250255
8296251431
8296253131
8296253433
8296253884
8296256478
8296256808
8296257326
8296257762
8296258499
8296258860
8296259291
8296259900
8296260159
8296260342
8296260398
8296261337
8296261991
8296262090
8296263424
8296264536
8296266115
8296268590
8296269940
8296270002
8296270048
8296272789
8296273501
8296273735
8296274160
8296274212
8296274305
8296274991
8296276168
8296277418
8296278095
8296280438
8296281076
8296281088
8296282188
8296282454
8296282477
8296283298
8296284497
8296285297
8296286380
8296286930
8296287481
8296287933
8296288194
8296288701
8296289563
8296290455
8296290480
8296291113
8296291118
8296291254
8296291281
8296292713
8296292842
8296293316
8296294389
8296295240
8296296401
8296296978
8296299361
8296299803
8296302173
8296302699
8296303535
8296303583
8296304546
8296304803
8296305143
8296308230
8296309516
8296313531
8296313813
8296314416
8296316109
8296317728
8296319066
8296319210
8296320018
8296321422
8296322343
8296322822
8296324028
8296324905
8296325028
8296328420
8296329839
8296330163
8296330316
8296331121
8296331998
8296333278
8296334253
8296334612
8296335179
8296335679
8296336383
8296336461
8296336485
8296336597
8296337380
8296338197
8296338736
8296338748
8296338872
8296339269
8296341363
8296342413
8296343938
8296344170
8296347266
8296348973
8296350636
8296350953
8296351336
8296353363
8296353433
8296354304
8296355310
8296355790
8296358475
8296360945
8296361000
8296362331
8296363277
8296364780
8296367265
8296368632
8296368671
8296368961
8296369343
8296370874
8296371767
8296373073
8296373713
8296374570
8296375505
8296376418
8296376915
8296377337
8296377671
8296378632
8296378671
8296378730
8296379471
8296381084
8296381350
8296381546
8296381597
8296381852
8296382569
8296382570
8296383217
8296383259
8296384778
8296385191
8296385546
8296385590
8296386222
8296387049
8296387134
8296389265
8296389681
8296390675
8296394336
8296394503
8296394668
8296394869
8296396256
8296397001
8296397008
8296397319
8296397330
8296398252
8296398932
8296399498
8296399636
8296400368
8296400911
8296403341
8296404604
8296405062
8296407249
8296410170
8296410427
8296410875
8296411222
8296411957
8296412257
8296413217
8296413622
8296415058
8296416725
8296417628
8296417872
8296418996
8296420829
8296420936
8296425572
8296426007
8296426577
8296426788
8296429195
8296429675
8296430765
8296430899
8296432211
8296433166
8296434325
8296436777
8296439925
8296440758
8296442828
8296445352
8296449249
8296449731
8296449826
8296450687
8296452972
8296453447
8296453728
8296454885
8296458293
8296459540
8296460609
8296461309
8296461599
8296463162
8296463459
8296463765
8296463791
8296464146
8296464573
8296464928
8296465116
8296468128
8296468343
8296468444
8296469221
8296469556
8296470025
8296470310
8296470750
8296471301
8296473030
8296473438
8296474344
8296475202
8296475503
8296480111
8296480915
8296481407
8296483428
8296485376
8296487095
8296487480
8296487812
8296488021
8296488458
8296488682
8296488735
8296489972
8296490131
8296490391
8296490462
8296491875
8296494049
8296494962
8296496096
8296497720
8296499156
8296500110
8296502304
8296502358
8296503449
8296504020
8296504432
8296505418
8296505641
8296509687
8296510450
8296510460
8296511000
8296512807
8296514121
8296518186
8296518471
8296518799
8296521234
8296521628
8296522930
8296523281
8296523426
8296523610
8296524522
8296525211
8296527732
8296527800
8296529781
8296530500
8296531177
8296532001
8296532406
8296534950
8296535382
8296537172
8296537282
8296539300
8296539570
8296540012
8296540412
8296540997
8296542467
8296547183
8296550282
8296550370
8296550802
8296553613
8296553784
8296555544
8296558932
8296558955
8296559044
8296559394
8296560903
8296561112
8296562513
8296562539
8296562625
8296563708
8296566333
8296568476
8296569365
8296569950
8296570334
8296570573
8296571349
8296574575
8296576150
8296577435
8296577701
8296580260
8296583438
8296585830
8296587519
8296589990
8296592309
8296594012
8296596255
8296597480
8296598834
8296599560
8296600926
8296603794
8296604073
8296605114
8296605133
8296606928
8296608276
8296609372
8296609599
8296610412
8296611418
8296611669
8296611918
8296611984
8296612382
8296612872
8296613091
8296614346
8296614842
8296615683
8296616921
8296618203
8296619354
8296627273
8296630716
8296631771
8296631968
8296639708
8296640400
8296640485
8296641754
8296645148
8296645921
8296647379
8296648606
8296648787
8296649679
8296650710
8296652103
8296653326
8296654348
8296655220
8296655227
8296655243
8296655341
8296655569
8296655783
8296655905
8296655955
8296656552
8296656767
8296656900
8296657925
8296658440
8296658777
8296659870
8296661593
8296661817
8296664101
8296665578
8296666290
8296666747
8296667190
8296667722
8296674904
8296675261
8296677829
8296679964
8296680549
8296683859
8296685287
8296686465
8296689995
8296689998
8296692733
8296695112
8296695881
8296696719
8296696724
8296697069
8296697978
8296698550
8296698578
8296700901
8296701110
8296703435
8296704050
8296704692
8296708923
8296711261
8296713646
8296714420
8296716843
8296719092
8296726662
8296727070
8296728870
8296729438
8296731060
8296731693
8296733965
8296733974
8296735844
8296738357
8296739639
8296740760
8296745005
8296747497
8296748232
8296749796
8296749835
8296749855
8296758645
8296758652
8296759335
8296761708
8296771833
8296772665
8296776677
8296777963
8296778014
8296779180
8296782332
8296782571
8296783030
8296783746
8296787228
8296788414
8296791324
8296792828
8296794463
8296794678
8296795476
8296795918
8296795955
8296797233
8296799898
8296800648
8296801308
8296802093
8296802401
8296802776
8296810060
8296812465
8296813921
8296815356
8296816814
8296818077
8296824064
8296834061
8296841390
8296843802
8296844686
8296847620
8296849362
8296849792
8296853621
8296855334
8296856267
8296858389
8296859216
8296863096
8296863123
8296870719
8296873834
8296875735
8296875886
8296884584
8296885591
8296886602
8296887169
8296891993
8296893384
8296897874
8296898225
8296903540
8296904290
8296907348
8296908646
8296912192
8296913306
8296913728
8296914026
8296926640
8296927010
8296927538
8296928893
8296932007
8296940816
8296945479
8296947277
8296951467
8296954387
8296954913
8296962039
8296962496
8296966961
8296968282
8296970638
8296976104
8296978400
8296981222
8296981990
8296988304
8296991482
8296992900
8296995824
8296996927
8297022686
8297060639
8297064300
8297087836
8297091975
8297121100
8297211837
8297240419
8297258179
8297308639
8297671131
8297678491
8297738109
8297741507
8297744973
8297762517
8298003317
8298003625
8298007090
8298007093
8298009815
8298011759
8298019760
8298028111
8298030748
8298031162
8298032098
8298033807
8298035503
8298038588
8298049488
8298050656
8298050883
8298051650
8298053814
8298055423
8298063320
8298068097
8298071441
8298080919
8298086712
8298088504
8298089900
8298105518
8298113171
8298120044
8298125674
8298128162
8298131035
8298162222
8298164083
8298164848
8298176968
8298180655
8298232605
8298318422
8298511314
8298622236
8298649202
8298657201
8298709095
8298804801
8298811189
8298813855
8298823346
8298861106
8298861139
8298861203
8298861205
8298861370
8298861414
8298882005
8298927061
8299000493
8299003045
8299003107
8299003749
8299003753
8299004068
8299004158
8299005384
8299005887
8299006374
8299006462
8299007963
8299009235
8299009483
8299009852
8299011190
8299011685
8299011777
8299012962
8299013738
8299013894
8299014557
8299014634
8299015086
8299015361
8299015530
8299015652
8299015770
8299017724
8299019069
8299019143
8299019365
8299020152
8299020357
8299020505
8299020524
8299020601
8299020693
8299020807
8299021073
8299021080
8299021207
8299021357
8299021697
8299021912
8299021973
8299022001
8299022033
8299022823
8299023320
8299023806
8299024077
8299024122
8299024207
8299024639
8299024693
8299024719
8299024801
8299024891
8299025005
8299025030
8299025166
8299025361
8299025447
8299025764
8299026549
8299026553
8299026708
8299027287
8299027458
8299027461
8299027995
8299028073
8299028835
8299029269
8299029476
8299029573
8299029638
8299029696
8299030015
8299030307
8299030501
8299030866
8299030967
8299031389
8299031868
8299032131
8299032441
8299032607
8299032660
8299033262
8299033304
8299033369
8299033917
8299033947
8299034033
8299034305
8299034415
8299036055
8299036815
8299037696
8299039010
8299039271
8299039625
8299039903
8299039953
8299040009
8299040039
8299040268
8299040673
8299040958
8299041012
8299041636
8299041691
8299042110
8299042434
8299045095
8299045199
8299045715
8299046257
8299046364
8299046378
8299047313
8299048084
8299048982
8299049346
8299049597
8299050347
8299050740
8299050812
8299050899
8299051383
8299052313
8299052660
8299053172
8299053201
8299053863
8299054036
8299054657
8299054812
8299054902
8299055014
8299055971
8299056101
8299056127
8299056173
8299056299
8299056306
8299056330
8299057414
8299057965
8299058430
8299058730
8299058898
8299059224
8299059800
8299060263
8299060803
8299060834
8299060844
8299060878
8299061729
8299062271
8299062518
8299062540
8299062620
8299062642
8299063069
8299063198
8299063371
8299063420
8299063561
8299063749
8299064167
8299064303
8299064464
8299064513
8299064572
8299064601
8299064618
8299064619
8299064734
8299064785
8299064867
8299065287
8299065328
8299065365
8299065419
8299065665
8299065761
8299065854
8299065876
8299065889
8299066065
8299066439
8299066449
8299066847
8299066973
8299067220
8299067546
8299068133
8299068199
8299068225
8299068278
8299068408
8299068631
8299068697
8299068761
8299068901
8299069548
8299069670
8299069768
8299070099
8299070182
8299070239
8299070541
8299071166
8299071229
8299071246
8299071596
8299071745
8299072339
8299072512
8299072564
8299072810
8299072812
8299073009
8299073572
8299073616
8299073674
8299073768
8299073879
8299074290
8299074797
8299075611
8299076653
8299076761
8299076875
8299077696
8299078517
8299079252
8299079349
8299080207
8299081186
8299081282
8299082680
8299083119
8299083320
8299084111
8299085528
8299085587
8299086293
8299088354
8299088593
8299089730
8299089780
8299089869
8299090450
8299090501
8299090569
8299091178
8299091755
8299092324
8299092476
8299092629
8299092643
8299093623
8299094369
8299094613
8299094730
8299095359
8299095534
8299095660
8299095721
8299095841
8299096058
8299096255
8299096701
8299096746
8299097527
8299097657
8299097837
8299098447
8299098494
8299099196
8299099407
8299099416
8299099545
8299100579
8299100920
8299101157
8299101644
8299102162
8299102178
8299102230
8299102705
8299103522
8299103523
8299104190
8299105462
8299105655
8299105660
8299105954
8299106199
8299106463
8299106666
8299106777
8299106801
8299107395
8299107671
8299108351
8299109299
8299110096
8299110689
8299111202
8299111560
8299111738
8299112155
8299112784
8299113539
8299113905
8299114508
8299114662
8299115721
8299115780
8299115830
8299116051
8299116275
8299116308
8299116312
8299116467
8299117200
8299120547
8299121065
8299121611
8299121770
8299122014
8299122097
8299122316
8299123103
8299123412
8299123424
8299123557
8299126498
8299127188
8299127651
8299127901
8299128368
8299128505
8299128950
8299130056
8299130393
8299130694
8299130708
8299132203
8299132208
8299132603
8299133142
8299134304
8299135429
8299136085
8299136226
8299136291
8299136596
8299136854
8299137397
8299138791
8299138828
8299138852
8299139657
8299139863
8299141272
8299141705
8299142856
8299143166
8299144113
8299145045
8299145829
8299146122
8299146343
8299146375
8299146909
8299147291
8299147619
8299148410
8299148947
8299149281
8299149440
8299150284
8299150487
8299150536
8299150634
8299150704
8299150738
8299151075
8299151337
8299151605
8299151989
8299152698
8299152995
8299153223
8299153229
8299153678
8299153778
8299154541
8299154691
8299154696
8299154970
8299155011
8299155216
8299155525
8299156101
8299156680
8299156758
8299156873
8299156874
8299157097
8299158395
8299159158
8299159436
8299159782
8299160406
8299160925
8299161560
8299162397
8299164416
8299165429
8299166166
8299166331
8299167172
8299167444
8299167561
8299167934
8299168064
8299169282
8299169847
8299170210
8299170263
8299170634
8299170717
8299170796
8299170908
8299170996
8299171090
8299171244
8299171412
8299171620
8299172034
8299172341
8299172352
8299172373
8299172396
8299172441
8299173543
8299173772
8299174427
8299174445
8299174902
8299175150
8299175505
8299176964
8299177106
8299177226
8299177329
8299177885
8299177894
8299178018
8299178061
8299178333
8299179589
8299179754
8299179949
8299180079
8299180360
8299181052
8299181156
8299181435
8299181892
8299182328
8299183629
8299183861
8299184421
8299185048
8299185668
8299186315
8299186793
8299187760
8299187789
8299188133
8299190687
8299190880
8299191022
8299191112
8299191516
8299191565
8299191780
8299192189
8299192220
8299192256
8299192433
8299192516
8299192681
8299192985
8299193043
8299193515
8299193668
8299194731
8299195013
8299195388
8299195640
8299195762
8299196281
8299196726
8299196776
8299197645
8299197778
8299197968
8299198364
8299198602
8299199080
8299199242
8299199351
8299199467
8299199639
8299199653
8299199695
8299199696
8299199733
8299199766
8299201235
8299201305
8299202683
8299202838
8299203134
8299204150
8299204199
8299204610
8299205548
8299206001
8299206244
8299206805
8299206827
8299207215
8299208181
8299208779
8299209476
8299209830
8299211314
8299211695
8299213006
8299214247
8299215543
8299215997
8299216300
8299216458
8299216468
8299216515
8299217471
8299218781
8299219323
8299219710
8299219813
8299219837
8299220369
8299221227
8299221707
8299221830
8299221923
8299221938
8299222394
8299223188
8299223220
8299223420
8299224407
8299224706
8299224740
8299225254
8299225714
8299226109
8299226248
8299226982
8299227290
8299227351
8299227701
8299227841
8299227870
8299227875
8299227991
8299228084
8299228172
8299228567
8299228804
8299229271
8299229366
8299229377
8299233484
8299240220
8299240554
8299240850
8299240854
8299240926
8299240936
8299241343
8299241927
8299241960
8299242570
8299243458
8299243572
8299243605
8299243981
8299245039
8299245252
8299245891
8299246409
8299247379
8299247468
8299247552
8299247840
8299248029
8299248237
8299248541
8299248591
8299249567
8299249941
8299250609
8299250940
8299251486
8299251964
8299252700
8299252780
8299253308
8299253695
8299253696
8299253988
8299254031
8299254282
8299254425
8299255284
8299255633
8299255910
8299256553
8299256705
8299257304
8299257348
8299257356
8299257631
8299257637
8299257925
8299258002
8299258366
8299259765
8299260619
8299260656
8299262409
8299262861
8299262892
8299263234
8299263784
8299263846
8299263870
8299263907
8299264041
8299264096
8299264393
8299265030
8299265479
8299265978
8299266164
8299267254
8299267512
8299267749
8299268158
8299268364
8299268514
8299268582
8299268693
8299268993
8299269447
8299269715
8299270254
8299270419
8299270596
8299270630
8299271080
8299271145
8299271154
8299271216
8299271541
8299271548
8299271951
8299272411
8299272481
8299273011
8299273280
8299273580
8299273736
8299273792
8299274248
8299274646
8299274766
8299275003
8299275412
8299275431
8299275478
8299275752
8299276591
8299276692
8299278637
8299278650
8299278962
8299279066
8299279154
8299279321
8299279537
8299281230
8299281472
8299281493
8299281645
8299281940
8299282099
8299282110
8299282164
8299282808
8299282956
8299283113
8299283265
8299283338
8299283625
8299283714
8299283999
8299284000
8299284336
8299284462
8299284553
8299284780
8299284917
8299285565
8299285590
8299285619
8299285814
8299286774
8299287207
8299287889
8299287899
8299288660
8299289003
8299289010
8299289036
8299289216
8299289349
8299289363
8299289901
8299290972
8299291138
8299291167
8299291303
8299291614
8299291679
8299291733
8299292719
8299292892
8299293020
8299294347
8299294634
8299295025
8299295459
8299295809
8299295833
8299296636
8299296656
8299296701
8299297734
8299299641
8299300191
8299300413
8299301049
8299301297
8299304355
8299304558
8299305870
8299305910
8299307583
8299307585
8299307693
8299308009
8299308140
8299308163
8299308852
8299308855
8299308866
8299309893
8299310000
8299310445
8299310453
8299310749
8299312001
8299312285
8299312560
8299312977
8299313323
8299314351
8299314496
8299315136
8299315696
8299315856
8299316602
8299317574
8299317977
8299318564
8299318667
8299319121
8299319415
8299319687
8299319972
8299320112
8299320120
8299320177
8299320556
8299320562
8299320711
8299320837
8299321125
8299321253
8299321403
8299321766
8299321767
8299321776
8299322397
8299323600
8299323610
8299323678
8299324880
8299325255
8299325526
8299325577
8299326580
8299326587
8299327045
8299327330
8299327501
8299327579
8299327768
8299327930
8299329940
8299330218
8299330253
8299330270
8299330371
8299330435
8299330471
8299330667
8299331272
8299331287
8299332211
8299332219
8299333495
8299333557
8299333668
8299333733
8299333756
8299333931
8299334493
8299335677
8299336043
8299336680
8299337715
8299337841
8299338134
8299338630
8299339430
8299339493
8299340298
8299340342
8299340363
8299340370
8299340473
8299340478
8299340816
8299341590
8299341704
8299341924
8299342701
8299342999
8299343016
8299343250
8299343351
8299343879
8299344077
8299344200
8299344345
8299344515
8299344566
8299344711
8299344723
8299344808
8299345036
8299345128
8299346018
8299346562
8299346642
8299346971
8299347429
8299348350
8299349060
8299349255
8299350107
8299350381
8299350737
8299350844
8299351078
8299351460
8299351470
8299351729
8299351996
8299352396
8299352773
8299353003
8299353961
8299354759
8299355923
8299356445
8299356940
8299357028
8299357651
8299357670
8299357746
8299358296
8299358457
8299358722
8299358800
8299358819
8299358849
8299359397
8299361920
8299362539
8299362607
8299362688
8299362691
8299362725
8299363605
8299363889
8299364002
8299365164
8299365499
8299365974
8299366556
8299366764
8299367206
8299367676
8299367767
8299368911
8299370017
8299370085
8299370232
8299370708
8299372426
8299373211
8299373467
8299374995
8299375702
8299375788
8299375934
8299376148
8299376788
8299376909
8299377070
8299377077
8299378543
8299379210
8299380752
8299380902
8299381038
8299381052
8299381096
8299381128
8299381209
8299381775
8299382671
8299383608
8299383854
8299384032
8299384055
8299384854
8299385353
8299385571
8299385842
8299386461
8299386760
8299386790
8299387331
8299387584
8299388869
8299390303
8299390352
8299390676
8299391153
8299391714
8299392087
8299393175
8299393252
8299393420
8299393553
8299393646
8299394127
8299394845
8299395066
8299396189
8299396210
8299396315
8299396437
8299397613
8299398753
8299400205
8299400405
8299401945
8299402419
8299403345
8299403491
8299403733
8299404951
8299406314
8299406616
8299407010
8299407699
8299408204
8299408991
8299409462
8299410035
8299410364
8299410732
8299410937
8299411074
8299411624
8299411673
8299411966
8299412186
8299412320
8299412840
8299412869
8299412978
8299413212
8299413226
8299413248
8299413288
8299413396
8299413684
8299414513
8299414688
8299416061
8299416307
8299416404
8299417524
8299417569
8299417858
8299417911
8299418143
8299419071
8299419310
8299419405
8299419578
8299419733
8299420185
8299420279
8299420604
8299420866
8299421052
8299421483
8299421963
8299422101
8299422103
8299424750
8299425005
8299425668
8299426282
8299426445
8299427013
8299427841
8299427979
8299428862
8299429153
8299429207
8299431787
8299431799
8299431864
8299432732
8299433809
8299434037
8299434256
8299434292
8299434536
8299435954
8299436042
8299437113
8299437489
8299437998
8299439683
8299439694
8299439947
8299440428
8299440840
8299441003
8299444766
8299445286
8299445865
8299446037
8299446189
8299446218
8299446614
8299447189
8299447430
8299447744
8299448018
8299448412
8299449244
8299449957
8299451749
8299452107
8299452982
8299453085
8299453519
8299454580
8299454858
8299455363
8299455456
8299456329
8299456384
8299456872
8299457261
8299458366
8299458847
8299459154
8299459827
8299460783
8299461888
8299461971
8299462284
8299463117
8299463225
8299463421
8299463517
8299464763
8299464820
8299464914
8299465150
8299465246
8299465960
8299466298
8299466427
8299467234
8299468564
8299469535
8299469662
8299471258
8299471441
8299472084
8299472533
8299473461
8299473866
8299475850
8299475997
8299477547
8299477573
8299478244
8299478494
8299479220
8299479311
8299480145
8299480854
8299480902
8299481110
8299481740
8299481916
8299481971
8299482367
8299484117
8299486115
8299486486
8299486638
8299486815
8299487213
8299487380
8299488262
8299488896
8299489158
8299489237
8299489630
8299489958
8299490282
8299490628
8299491267
8299491762
8299491770
8299491901
8299492005
8299492125
8299492599
8299492927
8299493336
8299493504
8299494147
8299494395
8299497379
8299497380
8299497633
8299498624
8299498898
8299499935
8299500953
8299501309
8299501546
8299501830
8299503441
8299506015
8299506470
8299507630
8299507653
8299507827
8299508416
8299508989
8299509361
8299511212
8299511314
8299511730
8299511833
8299512621
8299512688
8299512815
8299513929
8299514328
8299514446
8299515163
8299515192
8299515210
8299515528
8299516115
8299516198
8299516260
8299516300
8299516440
8299516636
8299517181
8299517964
8299517971
8299518232
8299518812
8299519190
8299519272
8299519927
8299520550
8299520671
8299520843
8299521104
8299521160
8299522148
8299522553
8299522644
8299523850
8299524042
8299524186
8299524332
8299524575
8299525063
8299525545
8299525718
8299525806
8299526009
8299526071
8299526235
8299526245
8299526256
8299527350
8299527649
8299527972
8299528429
8299528843
8299529078
8299529326
8299529671
8299529999
8299530524
8299530567
8299531228
8299531240
8299531830
8299532050
8299533512
8299535376
8299535869
8299535999
8299536468
8299537116
8299537383
8299537515
8299537801
8299539544
8299540535
8299540834
8299541140
8299541689
8299541764
8299541964
8299542300
8299542400
8299542753
8299542821
8299543168
8299544174
8299544771
8299545963
8299546610
8299548337
8299549645
8299549931
8299551660
8299552026
8299553858
8299554383
8299554475
8299554486
8299554668
8299554863
8299554936
8299554937
8299555144
8299555433
8299556031
8299556099
8299557207
8299557293
8299559376
8299560430
8299561288
8299561813
8299563658
8299564026
8299564815
8299565269
8299565450
8299566115
8299566144
8299566869
8299567916
8299568220
8299568302
8299570398
8299571097
8299571239
8299571761
8299572220
8299572849
8299573761
8299574892
8299575163
8299575457
8299576323
8299576691
8299577911
8299578186
8299580081
8299581500
8299582980
8299583709
8299583930
8299583951
8299584137
8299585186
8299587369
8299587843
8299588547
8299588743
8299588976
8299589321
8299589455
8299589997
8299590036
8299590236
8299590739
8299590864
8299591622
8299593917
8299594004
8299594037
8299594094
8299594966
8299595653
8299595943
8299596148
8299596725
8299597435
8299597747
8299597810
8299598107
8299598207
8299598345
8299598960
8299599025
8299599811
8299600012
8299600066
8299600114
8299600331
8299601205
8299601409
8299601496
8299601503
8299601707
8299601929
8299602437
8299602477
8299603265
8299603295
8299603735
8299604088
8299604865
8299606619
8299606755
8299607113
8299608949
8299609532
8299609852
8299609876
8299609893
8299610221
8299610337
8299610403
8299610616
8299610690
8299610790
8299610928
8299610973
8299611188
8299611288
8299611315
8299611588
8299611638
8299611686
8299611725
8299612152
8299612234
8299612279
8299612293
8299612764
8299612798
8299613061
8299613181
8299613255
8299613403
8299613461
8299613769
8299614066
8299614140
8299614357
8299614374
8299614419
8299614610
8299614615
8299616004
8299616092
8299616342
8299616369
8299616664
8299616666
8299616686
8299616718
8299616883
8299617186
8299617513
8299617536
8299617768
8299617782
8299618012
8299618064
8299618099
8299618326
8299618717
8299619047
8299619109
8299619265
8299619578
8299619647
8299619848
8299619941
8299620246
8299620479
8299620624
8299621145
8299621229
8299621455
8299621481
8299621533
8299621555
8299621651
8299621869
8299622122
8299622305
8299622316
8299622638
8299623214
8299623286
8299623882
8299623937
8299623973
8299624037
8299624046
8299624105
8299624148
8299624299
8299624435
8299624871
8299624937
8299625256
8299625910
8299625921
8299626194
8299626288
8299626553
8299626733
8299626796
8299627008
8299627504
8299627553
8299627822
8299627829
8299627871
8299628621
8299628671
8299628687
8299628801
8299629126
8299629181
8299629227
8299630174
8299630264
8299630343
8299630386
8299630555
8299630559
8299630778
8299630854
8299630923
8299630976
8299631140
8299631284
8299631320
8299631345
8299631425
8299631551
8299631574
8299631662
8299631684
8299631788
8299631860
8299631890
8299631892
8299632033
8299632145
8299632199
8299632211
8299632227
8299632266
8299632276
8299632309
8299632310
8299632338
8299632358
8299632422
8299632456
8299632529
8299632631
8299632632
8299632739
8299632759
8299632795
8299632838
8299632885
8299634804
8299635100
8299635119
8299635289
8299635426
8299635861
8299636113
8299636279
8299636375
8299636508
8299637004
8299638751
8299639000
8299639023
8299639196
8299639204
8299639241
8299639288
8299639343
8299639488
8299639492
8299639634
8299639655
8299639739
8299640216
8299640257
8299640422
8299640539
8299640553
8299640844
8299640960
8299641054
8299641103
8299641165
8299641179
8299641292
8299641450
8299641463
8299641536
8299641754
8299641906
8299642013
8299642041
8299642091
8299642133
8299642333
8299642479
8299642615
8299642745
8299642812
8299642860
8299643032
8299643168
8299643231
8299643355
8299643588
8299643813
8299643818
8299643977
8299644152
8299644192
8299644397
8299644539
8299644542
8299644785
8299645026
8299645221
8299645317
8299645400
8299645634
8299645786
8299645859
8299645968
8299646293
8299646381
8299646763
8299646851
8299647186
8299647193
8299647227
8299648512
8299649153
8299649931
8299650050
8299650178
8299650374
8299650818
8299651013
8299651760
8299651921
8299652581
8299652617
8299652706
8299652854
8299652868
8299652882
8299652890
8299653047
8299653250
8299653391
8299653442
8299653502
8299653516
8299653755
8299653822
8299654091
8299654487
8299654653
8299655363
8299655447
8299655553
8299655602
8299656013
8299656103
8299656288
8299656325
8299656550
8299656649
8299656770
8299656929
8299657004
8299657150
8299657441
8299657625
8299657688
8299657756
8299657842
8299657914
8299658287
8299659000
8299659589
8299659847
8299660052
8299660103
8299660326
8299660479
8299660486
8299660715
8299660915
8299661112
8299661473
8299661538
8299661767
8299662429
8299662462
8299662922
8299662964
8299663003
8299663079
8299663173
8299663547
8299663648
8299663939
8299664083
8299664266
8299664549
8299664792
8299665273
8299665329
8299665347
8299666111
8299666613
8299666646
8299666812
8299667790
8299667865
8299668125
8299668166
8299668190
8299668273
8299668344
8299668637
8299668661
8299668816
8299669053
8299669261
8299669583
8299669587
8299669651
8299669671
8299670060
8299670091
8299670284
8299670357
8299670720
8299671279
8299671335
8299671417
8299671545
8299671586
8299672262
8299672317
8299672630
8299672680
8299673432
8299673562
8299674003
8299674070
8299674754
8299675535
8299675738
8299676024
8299676078
8299676117
8299676179
8299676271
8299676398
8299676462
8299676503
8299676925
8299678113
8299678636
8299678783
8299678854
8299678916
8299679318
8299679446
8299679589
8299679964
8299680351
8299680408
8299680730
8299680793
8299680896
8299680902
8299680998
8299681371
8299681489
8299681544
8299681587
8299681649
8299681690
8299681695
8299681724
8299681732
8299681742
8299681780
8299681831
8299681869
8299681893
8299681969
8299681981
8299681982
8299682122
8299682178
8299682182
8299682234
8299682273
8299682314
8299682362
8299682371
8299682382
8299682481
8299682602
8299682712
8299682737
8299682893
8299682928
8299682992
8299683007
8299683028
8299683129
8299683135
8299683203
8299683244
8299683291
8299683568
8299683664
8299683666
8299683783
8299683785
8299683943
8299684232
8299684310
8299684500
8299684550
8299684614
8299684636
8299684694
8299684840
8299684917
8299684986
8299685395
8299685416
8299685449
8299685503
8299685535
8299685669
8299685749
8299685926
8299685952
8299686551
8299686575
8299686890
8299686897
8299689048
8299689057
8299689339
8299689587
8299689995
8299689996
8299690117
8299690150
8299690207
8299690567
8299690667
8299690697
8299690846
8299690960
8299691124
8299691133
8299691201
8299691410
8299691601
8299691900
8299692515
8299692516
8299692581
8299692776
8299692782
8299692843
8299692954
8299693172
8299693788
8299693918
8299694126
8299694147
8299694167
8299695031
8299695032
8299695036
8299695047
8299695086
8299695171
8299695402
8299695473
8299695549
8299695758
8299695901
8299696219
8299697091
8299697102
8299697170
8299697239
8299697283
8299697378
8299697437
8299697491
8299697571
8299697611
8299697975
8299698929
8299699265
8299699405
8299699547
8299701016
8299701648
8299701818
8299702022
8299702151
8299702717
8299703442
8299704106
8299704642
8299704695
8299704710
8299706004
8299706066
8299706298
8299706434
8299706461
8299707948
8299708842
8299710069
8299710317
8299710383
8299710951
8299711010
8299711068
8299711451
8299711661
8299711994
8299712136
8299712191
8299712222
8299712766
8299713127
8299713188
8299713281
8299713414
8299713600
8299713610
8299714010
8299714174
8299714175
8299714195
8299714328
8299714351
8299714512
8299714675
8299715161
8299715279
8299715400
8299716150
8299716783
8299717020
8299717251
8299717538
8299717923
8299718161
8299718167
8299718359
8299718854
8299719013
8299719367
8299719636
8299719760
8299720203
8299720315
8299720990
8299721195
8299721235
8299721339
8299721359
8299721410
8299721818
8299722522
8299722681
8299722688
8299723115
8299723371
8299723399
8299723775
8299723865
8299723882
8299724464
8299724656
8299724748
8299724929
8299724941
8299725006
8299725129
8299725413
8299725725
8299726191
8299726311
8299726340
8299726431
8299726547
8299726854
8299726869
8299726947
8299727135
8299727239
8299727338
8299727917
8299728584
8299728701
8299729300
8299729597
8299729716
8299729745
8299729821
8299729981
8299730336
8299730758
8299731218
8299731506
8299731642
8299731991
8299732081
8299732112
8299732193
8299732545
8299732597
8299732703
8299732705
8299733237
8299733347
8299733863
8299734029
8299734085
8299734212
8299734315
8299734349
8299734513
8299734538
8299734648
8299734699
8299734864
8299734901
8299735109
8299735600
8299735957
8299736315
8299736357
8299736409
8299736427
8299736656
8299736665
8299736713
8299736726
8299736745
8299736860
8299736931
8299736999
8299737013
8299737308
8299737485
8299737489
8299738741
8299738976
8299739107
8299739485
8299739638
8299739722
8299739877
8299740011
8299740325
8299740936
8299741433
8299741611
8299741678
8299741806
8299742660
8299742690
8299742840
8299742844
8299743333
8299743473
8299743557
8299743777
8299743878
8299743966
8299744136
8299744514
8299744622
8299745056
8299745416
8299746315
8299746360
8299746403
8299746610
8299747173
8299748128
8299748330
8299748426
8299748494
8299749363
8299749574
8299749733
8299750065
8299750103
8299750435
8299750527
8299750694
8299750864
8299751013
8299751045
8299751051
8299751078
8299751083
8299751099
8299751114
8299751119
8299751206
8299751232
8299751337
8299751346
8299751458
8299751483
8299751585
8299751679
8299751684
8299751768
8299751813
8299751904
8299752215
8299752226
8299752249
8299752318
8299752338
8299752340
8299752380
8299752399
8299752480
8299752675
8299752787
8299752857
8299752885
8299753247
8299753412
8299753689
8299753696
8299753698
8299753711
8299753969
8299754098
8299754362
8299754368
8299754442
8299754698
8299754732
8299754766
8299754836
8299754855
8299754932
8299755163
8299755206
8299755345
8299755411
8299755450
8299755460
8299755845
8299755863
8299755961
8299756138
8299757119
8299757224
8299757312
8299757652
8299757852
8299757867
8299757876
8299757996
8299758136
8299758148
8299758160
8299758372
8299758471
8299758489
8299758606
8299758866
8299758999
8299759081
8299759146
8299759520
8299759596
8299759934
8299760081
8299760369
8299760481
8299760489
8299760984
8299761103
8299761188
8299761225
8299761686
8299761876
8299761972
8299762020
8299762184
8299762383
8299762525
8299762861
8299763514
8299763739
8299764592
8299764607
8299764619
8299764669
8299764980
8299765093
8299765532
8299765791
8299765930
8299765947
8299766501
8299766711
8299766747
8299766788
8299767096
8299767624
8299768259
8299768415
8299768796
8299769029
8299769314
8299769819
8299770230
8299770657
8299771542
8299771753
8299771920
8299772109
8299772338
8299772871
8299773193
8299773320
8299773630
8299773955
8299774163
8299774952
8299775614
8299775695
8299775773
8299776033
8299776236
8299776480
8299776558
8299776753
8299776944
8299777013
8299777460
8299777469
8299777629
8299777815
8299777870
8299778552
8299778756
8299778840
8299778996
8299779105
8299779207
8299779583
8299779679
8299780373
8299780434
8299780932
8299781037
8299781533
8299781893
8299782120
8299782253
8299782433
8299782767
8299782841
8299783489
8299783806
8299784021
8299784188
8299784267
8299784498
8299784814
8299784996
8299785339
8299785405
8299785517
8299786559
8299786784
8299787094
8299787289
8299787490
8299787758
8299788015
8299788285
8299788348
8299788401
8299788618
8299788740
8299789349
8299790002
8299790005
8299790009
8299790188
8299790752
8299790940
8299791005
8299791122
8299791228
8299791700
8299792000
8299792080
8299792091
8299792478
8299792503
8299792748
8299792855
8299793287
8299793419
8299793972
8299794296
8299794379
8299794407
8299794497
8299794566
8299794701
8299794844
8299795262
8299795739
8299795931
8299795954
8299796089
8299796882
8299797363
8299797396
8299797732
8299797736
8299797761
8299798001
8299798538
8299798648
8299799167
8299799631
8299799685
8299799883
8299800041
8299800513
8299800901
8299801483
8299801515
8299802049
8299804187
8299805147
8299805180
8299806184
8299806600
8299806680
8299807007
8299807213
8299807353
8299808932
8299809226
8299809279
8299810007
8299810072
8299810115
8299810147
8299810383
8299810405
8299810418
8299810483
8299810696
8299810866
8299810938
8299811057
8299811125
8299811146
8299811159
8299811195
8299811297
8299811306
8299811397
8299811426
8299811430
8299811437
8299811450
8299811455
8299811547
8299811552
8299811591
8299811611
8299811740
8299811767
8299811799
8299811849
8299811865
8299811931
8299812003
8299812048
8299812260
8299812304
8299812351
8299812393
8299812420
8299812426
8299812427
8299812437
8299812458
8299812491
8299812501
8299812652
8299812679
8299812691
8299812732
8299812735
8299812739
8299812740
8299812756
8299812809
8299812820
8299812881
8299812888
8299813006
8299813084
8299813086
8299813162
8299813318
8299813332
8299813377
8299813415
8299813475
8299813493
8299813636
8299813737
8299813741
8299813757
8299813758
8299813769
8299813895
8299813944
8299813985
8299814001
8299814120
8299814145
8299814173
8299814189
8299814249
8299814297
8299814342
8299814966
8299815007
8299815014
8299815046
8299815057
8299815113
8299815172
8299815183
8299815296
8299815451
8299815462
8299815773
8299815817
8299815847
8299815907
8299815930
8299816023
8299816131
8299816300
8299816373
8299816379
8299816381
8299816413
8299816557
8299816562
8299816576
8299816592
8299816642
8299816792
8299816920
8299816996
8299817171
8299817682
8299817722
8299817724
8299817832
8299818075
8299818125
8299818182
8299818566
8299818656
8299818807
8299818833
8299819020
8299819096
8299819136
8299819350
8299819360
8299819442
8299819699
8299819733
8299819784
8299819933
8299819961
8299819994
8299820082
8299820143
8299820147
8299820303
8299820366
8299820464
8299820613
8299820634
8299821439
8299821472
8299821495
8299821528
8299821673
8299821674
8299821813
8299821874
8299821966
8299822051
8299822267
8299822817
8299822963
8299823139
8299823443
8299823459
8299823588
8299823986
8299824037
8299824052
8299824076
8299824159
8299824305
8299824410
8299824427
8299824468
8299824576
8299824605
8299824811
8299824838
8299824850
8299824937
8299825114
8299825180
8299825235
8299825241
8299825369
8299825440
8299825447
8299825604
8299825689
8299826000
8299826169
8299826265
8299826302
8299826340
8299826555
8299826628
8299826831
8299826840
8299826898
8299827047
8299827153
8299827260
8299827412
8299827473
8299827475
8299827526
8299827572
8299827587
8299827650
8299827706
8299828311
8299828459
8299828572
8299828727
8299828806
8299828809
8299829118
8299829208
8299829300
8299829323
8299829396
8299829398
8299829546
8299829588
8299829661
8299829686
8299829848
8299829942
8299830215
8299830310
8299830627
8299830634
8299830707
8299831025
8299831324
8299831483
8299831498
8299831517
8299831642
8299831645
8299831747
8299831867
8299831883
8299831988
8299831994
8299832383
8299832535
8299832660
8299832861
8299832908
8299832985
8299832994
8299833548
8299833584
8299833612
8299833634
8299833655
8299833683
8299834074
8299834493
8299834542
8299834707
8299834806
8299834957
8299835027
8299835049
8299835427
8299835475
8299835491
8299835576
8299835744
8299835790
8299835832
8299835905
8299835926
8299836156
8299836473
8299836726
8299836739
8299836772
8299837120
8299837868
8299838250
8299838668
8299838867
8299839014
8299839401
8299839436
8299839570
8299839837
8299840247
8299840358
8299840636
8299840672
8299840786
8299840856
8299840865
8299840874
8299840898
8299840908
8299841055
8299841066
8299841211
8299841241
8299841252
8299841268
8299841325
8299841651
8299841838
8299841870
8299841918
8299841961
8299842030
8299842119
8299842233
8299842380
8299842420
8299842607
8299842643
8299842689
8299842788
8299842825
8299843024
8299843319
8299843784
8299844246
8299844314
8299844396
8299844410
8299844577
8299844609
8299844755
8299844822
8299844970
8299845174
8299845889
8299845999
8299846183
8299846312
8299846445
8299847070
8299847634
8299848258
8299848308
8299848322
8299848930
8299849081
8299849481
8299850069
8299850080
8299850101
8299850423
8299850436
8299850467
8299850748
8299850777
8299850779
8299850940
8299851010
8299851095
8299851130
8299851255
8299851310
8299851442
8299851513
8299851548
8299851626
8299851731
8299851743
8299851800
8299851858
8299851904
8299851909
8299852135
8299852139
8299852170
8299852213
8299852219
8299852234
8299852265
8299852274
8299852286
8299852312
8299852426
8299852429
8299852450
8299852527
8299852533
8299852650
8299852715
8299852991
8299853010
8299853122
8299853131
8299853275
8299853514
8299853540
8299853549
8299853845
8299853923
8299853959
8299853968
8299854420
8299854532
8299854657
8299855139
8299855305
8299855420
8299855465
8299855777
8299856001
8299856459
8299856491
8299856721
8299856780
8299857411
8299857602
8299857866
8299857996
8299858140
8299858191
8299858379
8299858387
8299858414
8299858437
8299858445
8299858956
8299859015
8299859030
8299859048
8299859054
8299859085
8299859120
8299859146
8299859231
8299859237
8299859355
8299859418
8299859499
8299859502
8299859941
8299860052
8299860091
8299860102
8299860157
8299860245
8299860387
8299860495
8299860542
8299860610
8299860650
8299860843
8299861024
8299861033
8299861034
8299861062
8299861063
8299861088
8299861100
8299861103
8299861117
8299861133
8299861135
8299861138
8299861161
8299861204
8299861211
8299861237
8299861244
8299861246
8299861249
8299861262
8299861268
8299861270
8299861294
8299861359
8299861368
8299861421
8299861423
8299861424
8299861481
8299861592
8299861607
8299861633
8299861691
8299861702
8299861759
8299861987
8299862043
8299862048
8299862122
8299862231
8299862433
8299863003
8299863181
8299863270
8299865023
8299865061
8299865400
8299866121
8299866146
8299866221
8299866327
8299866670
8299866688
8299866767
8299866774
8299866870
8299867175
8299867178
8299867234
8299867284
8299867285
8299867329
8299867341
8299867396
8299867431
8299867631
8299867745
8299867749
8299868117
8299868728
8299868983
8299869118
8299869255
8299869305
8299869737
8299870522
8299870715
8299871020
8299871026
8299871073
8299871112
8299871116
8299871131
8299871134
8299871140
8299871144
8299871172
8299871186
8299871188
8299871193
8299871196
8299871228
8299871258
8299871410
8299871508
8299871518
8299871523
8299871579
8299871582
8299871587
8299871589
8299871596
8299871603
8299871621
8299871659
8299871697
8299871704
8299871741
8299871770
8299871799
8299871989
8299872108
8299872190
8299872191
8299872328
8299872423
8299872426
8299872525
8299872551
8299872610
8299872861
8299873091
8299873199
8299873200
8299873227
8299873228
8299873475
8299874243
8299874292
8299874505
8299874540
8299874572
8299875024
8299875220
8299876005
8299876082
8299876160
8299876172
8299876194
8299876270
8299876290
8299876331
8299876486
8299876905
8299877511
8299877513
8299877535
8299877872
8299878043
8299878099
8299878571
8299878615
8299879030
8299879214
8299879243
8299879281
8299879321
8299879562
8299879997
8299880078
8299881114
8299881173
8299881187
8299881356
8299881411
8299881544
8299881606
8299881612
8299882023
8299883108
8299883109
8299884122
8299884125
8299884184
8299884284
8299884292
8299884318
8299884455
8299884527
8299884558
8299884775
8299884786
8299885021
8299885093
8299885163
8299885305
8299885338
8299885384
8299885460
8299885473
8299885480
8299885549
8299885700
8299885795
8299885806
8299885846
8299885916
8299885960
8299885979
8299886016
8299886078
8299886195
8299886363
8299886371
8299886460
8299886744
8299887021
8299887159
8299887270
8299887424
8299887468
8299887578
8299887618
8299887710
8299888082
8299888102
8299888819
8299888970
8299888991
8299889062
8299889293
8299889337
8299889713
8299889719
8299890044
8299890072
8299890323
8299890511
8299890555
8299890960
8299891081
8299891102
8299891290
8299891302
8299891308
8299891383
8299891608
8299891892
8299893065
8299893511
8299893681
8299894120
8299894464
8299894480
8299894555
8299894659
8299894683
8299895171
8299895366
8299895444
8299895449
8299895543
8299895616
8299895800
8299896590
8299896662
8299897012
8299897121
8299897164
8299897279
8299897293
8299898198
8299898624
8299898664
8299898671
8299899100
8299899165
8299899212
8299900773
8299901758
8299902016
8299902612
8299904376
8299906254
8299907335
8299907807
8299907823
8299908470
8299909573
8299910378
8299910575
8299910734
8299911053
8299911476
8299911480
8299911838
8299913075
8299913148
8299913473
8299913477
8299913611
8299913770
8299913985
8299914609
8299915085
8299915240
8299915732
8299915880
8299916163
8299916333
8299916364
8299916385
8299916470
8299916852
8299917443
8299918113
8299918244
8299918369
8299918964
8299919595
8299919597
8299919770
8299921073
8299921382
8299921441
8299921631
8299922073
8299922162
8299922538
8299923047
8299923069
8299923311
8299923735
8299923779
8299924053
8299924549
8299925368
8299925396
8299925411
8299925427
8299925431
8299925434
8299926040
8299926086
8299926274
8299926278
8299926289
8299926864
8299926915
8299927345
8299927347
8299927404
8299927417
8299927450
8299927561
8299927623
8299927662
8299927665
8299927681
8299928008
8299928814
8299928914
8299929007
8299929502
8299929727
8299929840
8299930256
8299930331
8299930627
8299930650
8299930793
8299931182
8299931259
8299931319
8299931448
8299931506
8299931525
8299931747
8299932352
8299932632
8299932769
8299932845
8299933185
8299933401
8299933480
8299933830
8299934252
8299934502
8299934886
8299935403
8299935441
8299936369
8299937398
8299937801
8299937939
8299938080
8299938302
8299938757
8299938975
8299939360
8299939380
8299939593
8299940037
8299940244
8299940325
8299940379
8299940469
8299940479
8299941011
8299941012
8299941659
8299941674
8299941743
8299941834
8299941985
8299941999
8299942135
8299942136
8299942154
8299942174
8299942175
8299942245
8299942728
8299942787
8299942897
8299942938
8299943172
8299943184
8299943276
8299943370
8299943490
8299943514
8299943698
8299943699
8299943869
8299943937
8299944872
8299945138
8299945183
8299945259
8299945333
8299945362
8299945454
8299945751
8299945764
8299945887
8299945896
8299945897
8299945899
8299945934
8299946085
8299946169
8299946261
8299946309
8299946620
8299947254
8299947374
8299947396
8299947431
8299947744
8299947801
8299948082
8299948145
8299948471
8299948863
8299948934
8299948993
8299949019
8299949151
8299949214
8299949285
8299949291
8299949325
8299949591
8299949963
8299950503
8299950648
8299950829
8299950882
8299950924
8299951119
8299951811
8299951980
8299952107
8299952150
8299952171
8299952327
8299952519
8299952644
8299952826
8299953226
8299953385
8299953544
8299953901
8299954095
8299954236
8299954343
8299954570
8299954759
8299955142
8299955143
8299955166
8299955492
8299955638
8299955722
8299955764
8299955807
8299956366
8299956647
8299957415
8299957718
8299957805
8299957928
8299958672
8299958674
8299958992
8299959427
8299960117
8299960332
8299960360
8299960539
8299961129
8299961673
8299961877
8299963013
8299963272
8299964228
8299964443
8299964833
8299965572
8299965886
8299966239
8299966543
8299967595
8299967617
8299967630
8299967939
8299969019
8299969125
8299969152
8299969339
8299969433
8299969560
8299969563
8299969595
8299969670
8299969742
8299969860
8299970794
8299970934
8299971167
8299971209
8299971350
8299971710
8299971894
8299972110
8299972616
8299972652
8299972791
8299973209
8299973244
8299973298
8299973299
8299974150
8299974192
8299974241
8299974310
8299974615
8299975024
8299975113
8299975210
8299975388
8299975643
8299975716
8299976065
8299976140
8299976473
8299976581
8299976701
8299976718
8299976779
8299976982
8299977066
8299977134
8299977158
8299977210
8299977509
8299977584
8299978050
8299978055
8299978177
8299978498
8299978531
8299978657
8299978834
8299978923
8299978939
8299979188
8299979466
8299979741
8299979743
8299979750
8299980038
8299980158
8299980201
8299980374
8299980405
8299980636
8299981048
8299981049
8299981055
8299981096
8299981528
8299981563
8299981606
8299981626
8299981629
8299981677
8299981858
8299982129
8299982205
8299982376
8299982467
8299982817
8299982866
8299982982
8299983054
8299983259
8299983549
8299983579
8299983598
8299983634
8299983757
8299983925
8299984011
8299984022
8299984263
8299984271
8299984354
8299984518
8299984550
8299984577
8299984722
8299985273
8299985638
8299985643
8299986057
8299986142
8299986494
8299986564
8299986636
8299986987
8299987068
8299987339
8299987390
8299987401
8299987498
8299987596
8299987748
8299987889
8299987922
8299988103
8299988120
8299988164
8299988171
8299988257
8299988398
8299989036
8299989194
8299989196
8299989215
8299989301
8299989787
8299989812
8299989976
8299990207
8299990321
8299990555
8299990587
8299991240
8299991466
8299991512
8299991668
8299991970
8299992969
8299993019
8299993488
8299993545
8299994012
8299994015
8299994384
8299994468
8299994935
8299995117
8299995150
8299995517
8299995678
8299996080
8299996643
8299996837
8299996880
8299997053
8299997110
8299997256
8299997700
8299997808
8299998064
8299998178
8299998324
8299998544
8299998575
8299998671
8299998722
8299998879
8299999130
8299999158
8299999300
8299999501
8299999641
8299999709
8299999882
8299999999
