8281851206
8287274871
8287528851
8287529109
8288144959
8288256065
8288516599
8288766194
8288845026
8291128665
8291179545
8291215426
8291222014
8291232803
8291242681
8291285031
8291373003
8293011056
8293011060
8293026773
8293060186
8293213359
8293272065
8293310007
8293411414
8293719509
8293815207
8293818559
8296156297
8296218848
8296447417
8296466503
8296508185
8296537027
8296680602
8296733800
8296935516
8299006058
8299015728
8299021395
8299032870
8299042222
8299111830
8299214060
8299220078
8299228310
8299256428
8299353737
8299360500
8299478382
8299559933
8299641855
8299643001
8299732266
8299737372
8299742727
8299746854
8299801641
8299813553
8299817250
8299830156
8299831680
8221218827
8221260885
8232026407
8232172100
8232177200
8232179920
8232212481
8232231313
8232235767
8232317742
8232352424
8232354877
8232417044
8233201761
8233255881
8233270100
8233279936
8233361218
8233362808
8233365462
8233372030
8233374736
8233383839
8235972819
8281060774
8281153168
8281261159
8281297114
8281400211
8281426188
8281480651
8281651515
8281808056
8281851504
8287022269
8287093393
8287314881
8287526504
8287529107
8288011533
8288015029
8288024796
8288033838
8288084537
8288085405
8288111592
8288139818
8288157848
8288161280
8288181521
8288222020
8288287654
8288294418
8288320080
8288332443
8288332927
8288333131
8288334285
8288336969
8288360660
8288366364
8288375531
8288441212
8288460498
8288482505
8288512225
8288522803
8288526504
8288556800
8288565005
8288676501
8288684079
8288720203
8288720206
8288740115
8288764414
8288767161
8288768898
8288821030
8288821107
8288828021
8288828070
8288828071
8288828201
8288828252
8288828323
8288845751
8288959442
8288972107
8291039292
8291067649
8291076441
8291077759
8291095010
8291117803
8291163032
8291170075
8291178796
8291179545
8291186998
8291194040
8291211840
8291219899
8291226428
8291228500
8291233475
8291239790
8291283079
8291338302
8291338304
8291370606
8291452545
8291500772
8291514090
8291546126
8291587088
8291666720
8291690604
8291888050
8293011050
8293011051
8293011052
8293011053
8293011054
8293011061
8293012433
8293022020
8293025215
8293028008
8293031643
8293041500
8293047406
8293057181
8293057181
8293067600
8293077733
8293083408
8293132827
8293150564
8293179525
8293179724
8293186267
8293211946
8293213453
8293214445
8293220052
8293228580
8293264950
8293279756
8293312282
8293313100
8293314080
8293318615
8293353956
8293404114
8293411434
8293411450
8293412869
8293413821
8293414858
8293415318
8293417771
8293468585
8293511078
8293512018
8293515956
8293518912
8293519300
8293519365
8293519667
8293595952
8293636655
8293699767
8293711166
8293712008
8293743261
8293810861
8293811515
8294184040
8294447898
8296048118
8296052195
8296060280
8296088600
8296094222
8296142607
8296143361
8296152595
8296179008
8296190134
8296200936
8296243045
8296261780
8296294743
8296304680
8296383357
8296390022
8296399569
8296412336
8296414302
8296416388
8296477700
8296494296
8296551506
8296604999
8296615613
8296624274
8296728704
8296732224
8296733336
8296733366
8296773434
8296868826
8298014141
8298050505
8298138194
8298178822
8299005454
8299009500
8299016509
8299021655
8299026316
8299029020
8299041395
8299057102
8299069103
8299092903
8299095400
8299097989
8299099286
8299101700
8299102827
8299109350
8299132080
8299139864
8299146168
8299177272
8299178887
8299179787
8299192097
8299193430
8299202828
8299209387
8299214510
8299215151
8299216469
8299218454
8299221188
8299225050
8299225595
8299229008
8299229018
8299229868
8299253922
8299254080
8299254104
8299254243
8299257878
8299258183
8299261409
8299286000
8299286173
8299301600
8299320245
8299326622
8299334948
8299338494
8299355533
8299360058
8299368332
8299383838
8299393969
8299400220
8299402489
8299470488
8299491638
8299508485
8299519491
8299590332
8299601895
8299613000
8299626654
8299639292
8299683730
8299684816
8299685001
8299713584
8299714515
8299715858
8299718096
8299718833
8299719793
8299721149
8299730900
8299731329
8299732112
8299732993
8299736664
8299745265
8299759000
8299761670
8299761828
8299762233
8299763657
8299763909
8299766870
8299769888
8299772239
8299773466
8299810070
8299810862
8299811096
8299811300
8299812809
8299812942
8299814066
8299815564
8299819815
8299821303
8299822298
8299825873
8299827914
8299828250
8299831686
8299831891
8299832601
8299832727
8299835500
8299838686
8299841085
8299874546
8299881221
8299916925
8299918198
8299929811
8299936513
8299951091
8299963307
8299970440
8299974535
8299975405
8299976753
8299977383
8299977510
8299979257
8299979990
8299988691
8299990180
8299990550
8299991752
8299992910
8299995757
8299998686
8299999371
8299999533
