8293512018
8299999894
8299970323
8299953305
8299926995
8299926040
8299916996
8299916925
8299911872
8299891353
8299881068
8299838443
8299837887
8299814487
8299814487
8299811623
8299811378
8299805979
8299766499
8299738585
8299738585
8299736029
8299718096
8299708720
8299685856
8299684816
8299684816
8299460645
8299415596
8299402489
8299400220
8299377174
8299364000
8299362076
8299330730
8299313877
8299313387
8299258920
8299257000
8299254001
8299211110
8299167589
8299160001
8299067890
8299037050
8299021133
8299009587
8298051627
8296973319
8296653974
8296607997
8296536563
8296415672
8296281705
8296274418
8296226934
8296132722
8294441243
8294036012
8293817030
8293644646
8293579100
8293519365
8293419228
8293410641
8293394722
8293357152
8293318626
8293276447
8293188877
8293070015
8293060303
8293058873
8293051273
8293049556
8293023537
8293022681
8293022131
8291801382
8291727377
8291375357
8291374802
8291316228
8291278414
8291274819
8291238185
8291217678
8291170049
8291126994
8291114103
8291058060
8291019357
8288972109
8288832411
8288809603
8288762535
8288654285
8288447817
8288394064
8288332438
8288296496
8288133946
8288039775
8288025868
8287410844
8287271692
8281828585
8281814158
8281593302
8281496929
8299999900
8299999300
8299998381
8299998090
8299997372
8299996639
8299993156
8299992777
8299991736
8299990640
8299980047
8299977671
8299977510
8299977226
8299976753
8299976752
8299971217
8299970202
8299970100
8299966772
8299961333
8299959791
8299949598
8299949591
8299945100
8299943794
8299941991
8299940733
8299939800
8299928292
8299927751
8299927704
8299926308
8299918483
8299918198
8299914067
8299910254
8299910100
8299894220
8299881565
8299852562
8299851008
8299843686
8299841404
8299835872
8299835445
8299834100
8299831363
8299830761
8299829694
8299828655
8299828403
8299828371
8299828340
8299827030
8299825666
8299825151
8299825104
8299824370
8299824324
8299823775
8299823500
8299822623
8299822015
8299821844
8299820613
8299819788
8299819388
8299818939
8299817225
8299816386
8299815399
8299813639
8299813598
8299813598
8299813495
8299812834
8299812681
8299812652
8299812120
8299811932
8299811670
8299811413
8299811141
8299810909
8299810666
8299810660
8299810501
8299810090
8299788557
8299776351
8299774873
8299768500
8299766434
8299765426
8299761670
8299760456
8299758056
8299748983
8299745545
8299738795
8299738585
8299737962
8299735963
8299735545
8299734745
8299733657
8299731366
8299731078
8299731000
8299730900
8299730010
8299729852
8299727594
8299727577
8299726441
8299724145
8299722920
8299722824
8299721170
8299720445
8299720321
8299720220
8299720033
8299719888
8299718889
8299716311
8299715939
8299713204
8299711271
8299696021
8299695959
8299690025
8299685855
8299683730
8299682187
8299680467
8299664086
8299663599
8299656644
8299643381
8299619810
8299574118
8299558557
8299558369
8299548784
8299546848
8299511577
8299501476
8299493912
8299491882
8299479737
8299464139
8299449206
8299444245
8299442482
8299441458
8299437302
8299429740
8299420140
8299414876
8299414642
8299410440
8299410084
8299402084
8299391144
8299383299
8299382894
8299380605
8299372244
8299370690
8299357711
8299345520
8299335507
8299333399
8299325601
8299320379
8299320298
8299310190
8299309931
8299309166
8299308935
8299299387
8299289438
8299280007
8299276712
8299264464
8299258505
8299257323
8299255946
8299255735
8299255149
8299253635
8299252020
8299251763
8299240337
8299229578
8299229576
8299228756
8299228628
8299228599
8299220078
8299216421
8299212010
8299200079
8299198122
8299179167
8299177054
8299168569
8299166815
8299166812
8299166812
8299161010
8299160221
8299130169
8299130044
8299122318
8299122318
8299102007
8299100026
8299100002
8299099784
8299097021
8299096021
8299095688
8299091774
8299090184
8299089704
8299087676
8299080567
8299070253
8299064375
8299064157
8299063523
8299054503
8299045190
8299032870
8299026030
8299021720
8299021285
8299021285
8299021221
8299016509
8299013594
8299013422
8299011757
8299009949
8299007442
8298390031
8298175847
8298090123
8298075151
8298007255
8296970026
8296961152
8296894552
8296841456
8296829808
8296814861
8296803977
8296785603
8296778464
8296775105
8296775045
8296762322
8296755553
8296755552
8296752244
8296740880
8296733736
8296733336
8296733336
8296722245
8296700908
8296686669
8296670605
8296644847
8296600640
8296562426
8296547729
8296537027
8296523533
8296523533
8296523232
8296520007
8296501001
8296465453
8296445979
8296443701
8296437530
8296423360
8296422440
8296413661
8296361015
8296323732
8296310045
8296304680
8296283405
8296279027
8296258685
8296235420
8296212200
8296201500
8296201215
8296198426
8296197743
8296171616
8296151243
8296108187
8296074099
8296065859
8296045321
8296037602
8296021176
8294448422
8294446652
8294446506
8294441541
8294440369
8294440000
8293817557
8293817557
8293815207
8293814646
8293812621
8293812614
8293810327
8293672807
8293617744
8293617177
8293613114
8293612841
8293583630
8293517778
8293517293
8293516830
8293516457
8293515414
8293514084
8293511719
8293510606
8293510206
8293491331
8293471949
8293440165
8293419376
8293418709
8293418708
8293418288
8293417377
8293416226
8293415686
8293415303
8293414892
8293414858
8293414474
8293414400
8293413776
8293413288
8293412725
8293412222
8293411450
8293411414
8293411116
8293410973
8293410917
8293391457
8293357528
8293356924
8293349527
8293337442
8293336168
8293324004
8293316208
8293311707
8293296242
8293284628
8293279810
8293279770
8293277628
8293275840
8293272900
8293272866
8293265266
8293260751
8293235693
8293231229
8293214696
8293212847
8293212012
8293196365
8293189754
8293160670
8293155959
8293151161
8293149059
8293146286
8293143850
8293139272
8293133131
8293119959
8293117161
8293113676
8293096319
8293094453
8293092052
8293087776
8293087703
8293084224
8293083348
8293082620
8293082219
8293081736
8293081692
8293081628
8293081627
8293081109
8293080331
8293080265
8293080154
8293074888
8293074201
8293073700
8293063993
8293062124
8293060902
8293058803
8293054543
8293050488
8293044444
8293022131
8293022131
8293022001
8293021525
8293020589
8293019940
8293019390
8293011051
8291990015
8291967564
8291964428
8291963212
8291959506
8291942066
8291931221
8291871920
8291833663
8291820017
8291794266
8291787130
8291743767
8291714160
8291689433
8291673934
8291629220
8291628515
8291618079
8291574678
8291560396
8291556580
8291556104
8291527877
8291474481
8291455243
8291438994
8291427963
8291425463
8291416565
8291416285
8291402522
8291400911
8291384014
8291383135
8291373150
8291373109
8291370141
8291368892
8291350763
8291338306
8291322788
8291297020
8291290027
8291287186
8291281167
8291280226
8291279890
8291272570
8291263478
8291263337
8291262055
8291260474
8291254305
8291252328
8291245875
8291245594
8291245415
8291242191
8291242011
8291239969
8291239599
8291239012
8291238829
8291238387
8291236330
8291233438
8291231158
8291229739
8291227202
8291225898
8291225330
8291222501
8291222359
8291220024
8291219505
8291217029
8291213969
8291211444
8291191160
8291190362
8291186334
8291186012
8291171916
8291170049
8291166484
8291166080
8291162818
8291161831
8291160131
8291152435
8291140234
8291138998
8291136385
8291126994
8291120437
8291119148
8291119106
8291119002
8291110334
8291110052
8291097413
8291095010
8291088825
8291085138
8291071200
8291070527
8291069305
8291061081
8291058598
8291056111
8291047415
8291045508
8291045244
8291039929
8291029699
8291019772
8291017099
8291011129
8291009268
8288992912
8288972923
8288972107
8288965278
8288965278
8288950001
8288939522
8288896555
8288892066
8288885872
8288885060
8288867571
8288847914
8288840027
8288840025
8288832912
8288811583
8288807880
8288800544
8288792301
8288791709
8288789756
8288784075
8288783404
8288782161
8288777065
8288775859
8288775544
8288764680
8288764644
8288746015
8288742676
8288699092
8288698304
8288669055
8288664797
8288652705
8288652108
8288632283
8288631110
8288621011
8288617818
8288603075
8288591530
8288574698
8288552779
8288552068
8288545849
8288543054
8288522062
8288517411
8288465979
8288463164
8288440008
8288439697
8288437079
8288435923
8288421142
8288407998
8288400986
8288398158
8288398092
8288391406
8288390230
8288379613
8288353249
8288350000
8288345260
8288339608
8288339077
8288335877
8288334043
8288332443
8288330864
8288322383
8288320080
8288312771
8288312711
8288311216
8288283284
8288278701
8288265354
8288248384
8288240102
8288233993
8288229525
8288210057
8288201633
8288198331
8288197558
8288194932
8288194197
8288189523
8288170602
8288168207
8288158603
8288156360
8288146206
8288143122
8288139867
8288129008
8288126680
8288122837
8288121852
8288121222
8288111884
8288109204
8288101010
8288092856
8288087418
8288084825
8288072208
8288071509
8288060738
8288060606
8288044178
8288039775
8288030417
8288023154
8288020308
8288020273
8288020272
8288016666
8288016277
8288003482
8287527786
8287527297
8287522542
8287367357
8287190727
8287150847
8287071475
8287064258
8287064258
8287057897
8287020277
8281911010
8281838025
8281804215
8281656121
8281632727
8281611414
8281361736
8281296996
8281281738
8281254977
8281240790
8281211991
8281167153
8281159794
8281140961
8281097468
8281096954
8281087473
8281083993
8281038953
8281026969
