8296777886
8288953532
8299024208
8293391212
8299985014
8293715741
8299888080
8299444886
8299540669
8296282268
8299718850
8291289285
8299331190
8299340370
8299313945
8296713747
8299936637
8299366861
8296035235
8288818732
8296655806
8299389972
8296167561
8293643407
8299511877
8299288898
8291050640
8299009920
8296001804
8299280001
8291268770
8291030097
8291235297
8299999475
8299814009
8293011052
8299925606
8293487419
8291515504
8299158431
8288636759
8296427498
8291118226
8299254183
8288515480
8296656341
8293021379
8288334122
8296218444
8299825391
8299999611
8291441963
8299263506
8296521944
8296078510
8291193379
8299869516
8296416262
8281412479
8288575333
8299227525
8291344441
8293519092
8293218217
8296331112
8296590840
8291253989
8288454279
8299191010
8299224410
8293014901
8299524608
8288155406
8288989535
8291090006
8298046490
8296813344
8288339102
8291247405
8299926837
8298006284
8299993550
8291910422
8299911031
8296932012
8299875200
8293319344
8296536076
8299924919
8288629359
8296596848
8296651294
8287593575
8299138005
8288272742
8296108885
8288279312
8299020880
8298077788
8299340316
8291892559
8287116806
8299732081
8299194161
8291766565
8296347796
8293299097
8299669566
8296193094
8293213418
8296403655
8299090327
8299138100
8291039014
8296775045
8299563377
8288714192
8296798383
8299530217
8299280344
8291212164
8293129551
8296606612
8296460700
8296567003
8291889229
8296373767
8291350660
8296796255
8299897248
8299760380
8293117817
8299529149
8281233855
8299456360
8288339480
8287536947
8291674244
8299743339
8287550368
8299841903
8281530429
8296985085
8296310010
8288863881
8288388587
8296325987
8296531686
8296152100
8299380113
8299313144
8299484391
8293317210
8298129393
8281892363
8296416013
8299038935
8288624531
8296961000
8299246990
8296889871
8299973143
8291778810
8288360266
8281433771
8281811599
8293070587
8299866078
8296507399
8299819075
8291778812
8296227048
8299868461
8299273535
8299107923
8296493359
8288875216
8299862024
8291142290
8299672317
8296238420
8296316223
8296526905
8299665655
8299661256
8293272896
8291344125
8296718118
8281812521
8296027414
8296107761
8299171268
8299926828
8299572113
8293128206
8296213324
8296067834
8296003846
8296205100
8299374000
8281298684
8291192945
8296968475
8299526947
8299891830
8299998383
8291118959
8291044702
8296076968
8299910738
8299381212
8296001022
8296356761
8291281601
8299200659
8288132096
8299990018
8299271811
8296972526
8299698242
8291635558
8291979353
8296981289
8299782255
8291175651
8287098845
8288186264
8299918802
8287271692
8296022294
8293227794
8291758885
8299289101
8298101852
8299024699
8298097979
8299913110
8299325088
8299091513
8299168607
8293098816
8288520787
8296439759
8288793047
8299372929
8299544342
8296096666
8288283660
8288302030
8291089648
8296382269
8299306388
8296721767
8288660048
8296837505
8281733476
8288933789
8288391948
8281411965
8281154400
8281768275
8291212229
8291554718
8293071889
8293083727
8293187084
8293410456
8293501717
8293720492
8296221600
8296366393
8296751116
8296753635
8298186262
8299213381
8299229347
8299340543
8296076968
8299910738
8299381212
8296001022
8296356761
8291281601
8299200659
8288132096
8299990018
8299271811
8296972526
8299698242
8291635558
8291979353
8296981289
8299782255
8291175651
8287098845
8288186264
8299918802
8287271692
8296022294
8293227794
8291758885
8299289101
8298101852
8299024699
8298097979
8299913110
8299325088
8299091513
8299168607
8293098816
8288520787
8296439759
8288793047
8299372929
8299544342
8296847067
8296096666
8288283660
8288302030
8291089648
8296382269
8299306388
8296721767
8296837505
8281733476
8288933789
8288391948
8281411965
8288996474
8288396625
8299963612
8291592770
8292523961
8299227244
8296440697
8296062016
8298125779
8291263530
8298034208
8296148770
8299628746
8296590508
8299825391
8296302805
8291118724
8299007587
8296478504
8293265141
8299553136
8287271692
8281412479
8299259678
8296221600
8299926837
8296775045
8299219078
8288575333
8299313144
8288622910
8296596161
8296968877
8299494698
8298046500
8296505228
8299008437
8288053699
8299497225
8299511787
8299863156
8296237886
8994330082
8296289525
8299023723
8293810454
8293123149
8296427278
8281741375
8288272742
8299669566
8299990181
8299583375
8299752930
8296334385
8299171268
8299587460
8299446605
8293129551
8299699557
8299484148
8296567003
8299897248
8296109144
8296449435
8296985085
8288388587
8296325987
8299380113
8299000312
8299785296
8291778810
8296764357
8288097040
8296507399
8299000271
8293411452
8281929618
8296247815
8296492033
8299000209
8296380381
8293299433
8299585935
8299585935
8293299433
8296656474
8296941512
8299257269
8291778808
8299200659
8281183294
8299916755
8296195787
8288242448
8299357611
8299764498
8296117511
8299692755
8296212030
8296323800
8296323800
8299168607
8296387436
8291173439
8281411965
8291069706
8296584127
8291877666
8296777886
8288140293
8299821789
8299102827
8288290635
8288371616
8291090026
8288376331
8293212428
8299254183
8288334095
8288466733
8299927525
8296709238
8299036820
8291517424
8296148000
8299089650
8288086668
8296066004
8299048329
8296471714
8291268770
8296596287
8288074799
8281505095
8291886833
8288087485
8299453783
8293247709
8299935316
8288980595
8299653384
8291120590
8288195090
8287527492
8299872106
8296362338
8296007426
8298136778
8299220961
8293616345
8296681037
8296679339
8288597285
8296576771
8288462848
8299420043
8299571827
8299444241
8288541872
8299720311
8299009295
8291797707
8299869516
8299553136
8293299433
8293393722
8299711451
8293180291
8299627746
8296775045
8299822205
8293168614
8291028010
8293168619
8299057640
8293461467
8299992230
8291623927
8296206480
8288280468
8299135519
8296219558
8299607276
8296879080
8288034467
8299537709
8299287199
8287282701
8293816591
8299435798
8288270864
8299871165
8299150499
8288582037
8299926837
8299620774
8296932012
8293332616
8293320914
8299457847
8291267718
8288629359
8299223112
8288911105
8293138005
8299138005
8281551235
8299452183
8299221235
8291628855
8299649871
8296202396
8291255487
8299410416
8288261750
8296595005
8296676794
8291306730
8291118661
8299669566
8288210909
8293145501
8299804865
8288018826
8299138100
8296453991
8288479995
8299582178
8291275528
8299131804
8299684349
8293129551
8296107980
8299384560
8291072293
8291350660
8296796255
8291350660
8296109144
8288382640
8291909050
8291889229
8296540009
8299299400
8299340406
8293320894
8299762608
8288457445
9826071462
8281530429
8281530429
8296985085
8299448265
8288362888
8191692250
8287116610
8288069519
8299313144
8299707730
8299380113
8299510791
8293023630
8299194097
8293139784
8291778810
8291159229
8298021339
8296433438
8288122675
8291547459
8288112494
8291813863
8293525941
8299716666
8299681199
8299832676
8299811854
8299752640
8291778812
8296600720
8293595952
8291010107
8291280589
8288077806
8296592497
8296439759
8288500005
8299006227
8293060848
8296850446
8299820934
8296213324
8299813864
8288229735
8299536693
8296364013
8296748722
8293311215
8291738014
8299891830
8299891830
8291517491
8299262627
8291580358
8299287645
8293805737
8291692169
8299463785
8293215086
8299381212
8288038071
8291694242
8288726753
8299549624
8291354731
8296785375
8288161394
8291503895
8291347902
8291074180
8288433775
8291125320
8299973310
8296139979
8291115536
8299928339
8291324749
8299893516
8299837746
8288122499
8299254171
8299733627
8299826610
8299739952
8288934811
8299168607
8299168607
8299091513
8296420802
8296007391
8293576904
8293397772
8291265055
8299930452
8296466970
8296031002
8281173366
8299008910
8291774285
8296623433
8299250284
8299871122
8293517782
8293378147
8293180985
8291522949
8296822020
8293142609
8296590261
8296067602
8296821920
8293336379
8291128058
8293023929
8291195224
8291112516
8291553467
8293613626
8299979990
8299931910
8299707730
8299229366
8299835402
8299632050
8299296295
8299228419
8299257041
8299686757
8294447611
8299891070
8299020729
8299012962
8293611718
8299744464
8288767153
8299257039
8299854486
8293510179
8296157035
8291152357
8291765055
8293616345
8293397412
8291175492
8299437589
8291980327
8293293852
8299213070
8299103964
8299600601
8291732827
8291846960
8298005704
8287317226
8288107271
8296189179
8288377718
8293413050
8299742315
8299400910
8299400910
8299400910
8291700346
8287460684
8288177997
8288006863
8296120826
8287081951
8288233845
8296968411
8296274589
8287074028
8299728992
8288505050
9287365993
8291273218
8296022809
8287593782
8291058509
8288082078
8288492526
8296185487
829658 3671
8288413859
8288922801
8299384313
8288080006
8291119138
8296608262
8293185694
8288703270
8288882138
8299353431
8291820110
8299952488
8288892030
8291564848
8299123155
8288722476
8296069760
8293772420
8288291080
8293308552
8296320091
8288060256
8296427871
8288164494
8288971312
8296923618
8288708252
8296158002
8299145014
8287071180
8281269055
8296772433
8296050109
8291474844
8293033065
8299991699
8296340306
8291062038
8299923018
8287047427
8288281525
8299104489
8296226464
8288096967
8296806579
8288696947
8288492526
8288866623
8296928580
8287310060
8299524143
8287372670
8287392368
8288552077
8296021214
8299824899
8287556046
8287097576
8291275775
8299852582
8287437187
8299956000
8299910368
8299389012
8288451298
8291163010
8291165490
8299990435
8296223489
8299437812
8299412109
8293139014
8288754220
8296810466
8288870548
8288274409
8288664627
8288403564
8296760509
8288544600
8288463117
8288695808
8291179060
8287227078
8296520347
8288463035
8288371871
8296276011
8299158246
8296885522
8288520417
8291817915
8296623845
8296943326
8288076269
8296021214
8291174620
8296232778
8296156920
8288548680
8288028690
8293906444
8293160767
8293535109
8293437646
8298032224
8298006153
8298131969
8288920322
8293496611
8296241305
8293119515
8296863506
8287154973
8288082078
8291058509
8288325152
8299303217
8293083001
8288258306
8281098242
8288996947
8288996946
8288996945
8288996944
8288996945
8288996943
8288996942
8288996941
8288996940
8288912311
8299864668
8288957300
8287151392
8288087131
8299381331
8296945429
8288573898
8296379997
8291029873
8288764168
8291955580
8288434381
8288971213
8296923618
8296158002
8287292466
8288457226
8287414402
8287098366
8288603775
8296958224
8287558655
8288322383
8288339077
8299429740
8299501476
8299402084
8299684816
8299976752
8299976753
8288332443
8287380145
8299548775
8299548775
8296718154
8287450947
8288894818
8288107271
8291238775
8288013777
8288855613
8299220424
8299062227
8293220702
8291160767
8293535109
8296554009
8288880272
8291278853
