8298286212
8299999078
8299999057
8299998695
8299998381
8299996639
8299996606
8299993135
8299992704
8299987013
8299987013
8299979692
8299978817
8299977510
8299976752
8299974535
8299974013
8299971767
8299971425
8299970623
8299961333
8299953305
8299951224
8299949598
8299946000
8299945100
8299939200
8299930671
8299929449
8299928248
8299926320
8299916925
8299916386
8299910738
8299910343
8299910254
8299910254
8299910100
8299908000
8299891342
8299851957
8299840720
8299839689
8299839689
8299838801
8299837887
8299837887
8299837887
8299837521
8299837379
8299837114
8299836755
8299834662
8299831767
8299830020
8299829168
8299828371
8299828080
8299827030
8299826996
8299826996
8299825538
8299825225
8299824507
8299824173
8299824045
8299823775
8299823544
8299823544
8299823500
8299823500
8299823500
8299822667
8299821177
8299821130
8299820050
8299819595
8299819412
8299819388
8299819006
8299818788
8299818788
8299818679
8299818316
8299817570
8299817141
8299816404
8299816402
8299816345
8299816345
8299816300
8299815051
8299814675
8299814675
8299814440
8299814296
8299814252
8299814166
8299814035
8299813639
8299813598
8299813269
8299813004
8299812779
8299812681
8299812120
8299812120
8299811932
8299811931
8299811590
8299811303
8299811301
8299811268
8299811252
8299810416
8299787909
8299774375
8299761828
8299761670
8299761477
8299760078
8299759989
8299758496
8299751624
8299746926
8299746926
8299741369
8299741009
8299738795
8299738122
8299737962
8299736029
8299735508
8299734078
8299733850
8299732093
8299731000
8299730900
8299730900
8299730010
8299729323
8299729119
8299728223
8299726320
8299726172
8299726093
8299724145
8299722250
8299722007
8299720686
8299720123
8299720123
8299718889
8299718889
8299718096
8299714551
8299714016
8299711183
8299698844
8299695879
8299695356
8299690025
8299685856
8299685854
8299683725
8299682777
8299681682
8299681050
8299658663
8299658663
8299641316
8299624183
8299619766
8299619691
8299614937
8299581241
8299574118
8299556021
8299550033
8299528758
8299526644
8299519651
8299508047
8299501416
8299493912
8299492835
8299489267
8299471532
8299465858
8299433106
8299429740
8299412550
8299410611
8299410535
8299410291
8299390882
8299387430
8299371396
8299366615
8299362076
8299362076
8299360991
8299360117
8299348823
8299345520
8299344170
8299340543
8299340525
8299339915
8299336820
8299335507
8299333633
8299333633
8299330525
8299329898
8299328588
8299326700
8299320414
8299320414
8299320245
8299320242
8299320133
8299313387
8299308935
8299301810
8299292937
8299289597
8299289122
8299283630
8299269974
8299264464
8299262106
8299258920
8299257797
8299257022
8299256574
8299256129
8299253001
8299252474
8299252474
8299227801
8299227551
8299227288
8299224221
8299223323
8299217976
8299214960
8299214960
8299213979
8299213467
8299211899
8299197670
8299192097
8299174589
8299173388
8299163012
8299161313
8299158064
8299150435
8299143647
8299128131
8299124040
8299122318
8299101155
8299097392
8299091272
8299083862
8299070253
8299067890
8299063400
8299037050
8299033428
8299032870
8299029020
8299029020
8299029020
8299029020
8299024140
8299024140
8299023641
8299023561
8299021452
8299021221
8299016509
8299010547
8299009587
8299007442
8299003696
8299000201
8298390031
8298137528
8298096060
8298094499
8298014545
8296989840
8296983388
8296983388
8296983377
8296973027
8296973027
8296910708
8296890404
8296887180
8296887146
8296810666
8296780411
8296755553
8296755552
8296749787
8296722245
8296717204
8296700908
8296685211
8296680088
8296619766
8296618977
8296615348
8296600550
8296562252
8296549215
8296537027
8296536653
8296518383
8296518382
8296518300
8296451118
8296449997
8296445979
8296445544
8296421515
8296416071
8296415652
8296386602
8296373007
8296340403
8296323732
8296319889
8296312225
8296290039
8296283409
8296269066
8296260220
8296242430
8296229632
8296211231
8296204000
8296204000
8296193453
8296171616
8296163322
8296142720
8296108094
8296107979
8296106789
8296101110
8296090246
8296087956
8296068080
8296044884
8296040112
8296037986
8294446506
8294328484
8294323113
8294076759
8294036012
8293818966
8293818669
8293817557
8293817030
8293815824
8293813443
8293780326
8293771696
8293712435
8293710318
8293705000
8293613340
8293601923
8293549886
8293519300
8293518074
8293517772
8293517352
8293515686
8293513707
8293512018
8293512018
8293510606
8293510206
8293510101
8293472150
8293419872
8293419228
8293417771
8293415686
8293415686
8293415598
8293414858
8293414714
8293414475
8293414474
8293413776
8293413776
8293413165
8293412725
8293411450
8293410973
8293410917
8293410917
8293391457
8293366201
8293357205
8293330123
8293330123
8293319630
8293319039
8293319039
8293318928
8293316300
8293313305
8293311320
8293311320
8293311111
8293295566
8293292434
8293279770
8293277506
8293270415
8293269795
8293266890
8293237955
8293233993
8293230975
8293221420
8293221037
8293214838
8293214516
8293212957
8293189754
8293181355
8293179724
8293166856
8293151860
8293150564
8293135060
8293131407
8293130606
8293130428
8293111316
8293105552
8293105552
8293096354
8293090622
8293086956
8293083723
8293083702
8293083348
8293082501
8293081516
8293081287
8293081109
8293080020
8293074201
8293071464
8293071464
8293070015
8293069595
8293062605
8293062605
8293060902
8293060303
8293058300
8293051273
8293051273
8293050861
8293046448
8293033117
8293029392
8293029092
8293028466
8293025858
8293025350
8293022681
8293022681
8293022681
8293022681
8293022233
8293022001
8293021294
8293019390
8293011980
8293011227
8293011119
8293011051
8293010408
8291951020
8291930843
8291928826
8291914440
8291803661
8291796683
8291781670
8291778341
8291762151
8291737763
8291725105
8291720064
8291697609
8291692924
8291690087
8291689563
8291689563
8291666428
8291644568
8291617461
8291599730
8291583203
8291569821
8291529722
8291495345
8291484966
8291449001
8291438994
8291400911
8291399051
8291380826
8291377013
8291371913
8291353489
8291351047
8291351047
8291350700
8291341625
8291333007
8291324974
8291322527
8291303850
8291299464
8291285210
8291284571
8291280892
8291275962
8291269004
8291268330
8291264551
8291253158
8291252328
8291252328
8291251924
8291244209
8291239969
8291239012
8291236896
8291234385
8291232437
8291232437
8291229831
8291229430
8291227764
8291227403
8291226448
8291222359
8291221962
8291219487
8291214918
8291214270
8291213969
8291193106
8291193106
8291192585
8291188477
8291186012
8291175617
8291173878
8291166785
8291166484
8291160042
8291158537
8291156461
8291141313
8291122900
8291120319
8291119894
8291119050
8291117803
8291114103
8291113936
8291099100
8291095998
8291095010
8291090819
8291089792
8291088825
8291087496
8291072441
8291063844
8291063400
8291062568
8291058060
8291053560
8291046821
8291039292
8291036633
8291028258
8291019997
8291009268
8291009268
8288993706
8288974119
8288951008
8288914991
8288901132
8288880275
8288868368
8288849064
8288837701
8288835200
8288833325
8288814782
8288809603
8288801011
8288786952
8288783404
8288768163
8288762535
8288750705
8288750705
8288714461
8288699092
8288695798
8288660034
8288660034
8288659602
8288652705
8288631110
8288615968
8288583888
8288582537
8288581703
8288576909
8288564260
8288564260
8288550591
8288536938
8288522062
8288512225
8288512225
8288490597
8288481527
8288452813
8288447817
8288441911
8288441212
8288441212
8288439697
8288439544
8288437079
8288403525
8288401991
8288395338
8288390919
8288387890
8288373221
8288360660
8288359601
8288347360
8288339608
8288339483
8288339082
8288334006
8288332443
8288320080
8288299338
8288299155
8288290315
8288283285
8288283285
8288283284
8288278701
8288262770
8288260184
8288259977
8288258844
8288219413
8288214095
8288189032
8288173761
8288158297
8288154145
8288146830
8288130951
8288125154
8288124991
8288123167
8288118098
8288113845
8288110815
8288098722
8288088388
8288069808
8288045676
8288042462
8288031866
8288029005
8288025420
8288020608
8288020027
8288015334
8287529397
8287491774
8287353032
8287122202
8287066653
8287045282
8287034297
8281814158
8281814087
8281672207
8281538219
8281475540
8281451200
8281451200
8281429959
8281183444
8281026969
8281015531
8233275164
8233270408
8233208808
8232986233
8232411349
8232311586
8232161900
8199279725
8297325551
8299997284
8299996639
8299992897
8299992825
8299992777
8299991736
8299991581
8299990640
8299990009
8299988372
8299979947
8299978817
8299978000
8299974013
8299973593
8299972236
8299970040
8299961333
8299958829
8299949598
8299945100
8299938823
8299937733
8299931535
8299931190
8299930753
8299930752
8299927751
8299926389
8299926320
8299925501
8299924481
8299919940
8299919779
8299919779
8299918198
8299916142
8299910416
8299910100
8299905500
8299900303
8299891016
8299872497
8299868051
8299851647
8299839689
8299837521
8299837460
8299837114
8299836996
8299836804
8299835872
8299835687
8299835057
8299834100
8299831745
8299830761
8299830708
8299830350
8299830316
8299830316
8299830302
8299830182
8299830024
8299830005
8299829864
8299829717
8299829694
8299829504
8299828865
8299828371
8299827493
8299827330
8299826798
8299826798
8299826798
8299826588
8299825913
8299825873
8299825322
8299825104
8299824455
8299824263
8299823990
8299823775
8299823517
8299823133
8299821963
8299821899
8299821333
8299821130
8299821123
8299820613
8299819703
8299819388
8299819006
8299818626
8299818156
8299816968
8299816850
8299816820
8299816707
8299816674
8299816404
8299816341
8299815420
8299815229
8299815016
8299814750
8299814366
8299814252
8299814242
8299813955
8299813598
8299813369
8299813259
8299813089
8299813080
8299812931
8299812818
8299812681
8299812531
8299812504
8299812375
8299812323
8299812120
8299812096
8299812090
8299812034
8299812032
8299811996
8299811794
8299811670
8299811590
8299811560
8299811451
8299811413
8299811378
8299811305
8299811252
8299810666
8299810094
8299810094
8299805952
8299803713
8299803636
8299796197
8299795394
8299774496
8299774466
8299774399
8299772509
8299764834
8299763485
8299760400
8299757171
8299751124
8299750978
8299747986
8299746077
8299736060
8299734273
8299733068
8299732093
8299731366
8299730900
8299729867
8299729323
8299729119
8299726320
8299726125
8299722940
8299722920
8299722899
8299722404
8299722250
8299720686
8299720321
8299718889
8299718525
8299716329
8299716328
8299714987
8299713330
8299713204
8299713204
8299711212
8299692929
8299689954
8299683725
8299681050
8299667408
8299663207
8299650996
8299630200
8299625462
8299615281
8299582960
8299581251
8299556021
8299550269
8299550033
8299549556
8299540074
8299536807
8299526129
8299519464
8299480662
8299464510
8299458836
8299454373
8299450150
8299426681
8299410104
8299410028
8299393901
8299384000
8299371396
8299366085
8299362076
8299360991
8299340525
8299340020
8299336744
8299335507
8299330414
8299328588
8299326700
8299323777
8299320382
8299320379
8299320243
8299317138
8299309931
8299289597
8299283630
8299263181
8299262106
8299256205
8299255754
8299254131
8299254001
8299251373
8299240337
8299229629
8299228871
8299227801
8299227551
8299227288
8299224072
8299223780
8299222345
8299221626
8299218707
8299217976
8299217070
8299214960
8299213625
8299210098
8299205000
8299179404
8299175479
8299171313
8299169841
8299163012
8299161313
8299145050
8299106214
8299083862
8299081414
8299063341
8299054503
8299053689
8299037833
8299037053
8299037050
8299037050
8299029838
8299029323
8299027206
8299021285
8299021221
8299021067
8299018904
8299018701
8299011004
8299010246
8299007442
8298174000
8298137528
8298102525
8298095577
8298075553
8298035364
8298012222
8298004391
8296989840
8296910708
8296753553
8296752244
8296717204
8296711305
8296703663
8296693233
8296680088
8296665016
8296651415
8296627585
8296622002
8296620983
8296604437
8296601407
8296583800
8296552889
8296552111
8296549215
8296545200
8296512690
8296501001
8296494442
8296492288
8296449997
8296445544
8296445058
8296416071
8296386602
8296359034
8296356049
8296315687
8296306460
8296299665
8296283409
8296242430
8296226890
8296198426
8296162233
8296107317
8296101110
8296067555
8296041162
8294447898
8294446652
8294076759
8294034672
8293818966
8293818669
8293818051
8293815824
8293814616
8293813443
8293812621
8293812428
8293812097
8293719279
8293710386
8293657745
8293635000
8293621900
8293549886
8293517772
8293515555
8293511012
8293504738
8293417377
8293415599
8293415598
8293414858
8293414475
8293414474
8293414474
8293414400
8293414279
8293412534
8293411316
8293410973
8293358213
8293344952
8293317621
8293316410
8293316061
8293313909
8293311745
8293311111
8293296555
8293248485
8293231945
8293231746
8293221037
8293214838
8293213443
8293212568
8293189986
8293188877
8293175920
8293175046
8293172611
8293165100
8293155959
8293145962
8293134017
8293131407
8293131197
8293130181
8293115686
8293095441
8293091068
8293083069
8293082501
8293081736
8293081516
8293081287
8293081109
8293081105
8293080265
8293080020
8293078983
8293074201
8293074201
8293069939
8293069595
8293064488
8293062530
8293062124
8293062052
8293061093
8293060902
8293060303
8293056041
8293051273
8293045803
8293040388
8293039819
8293035893
8293029392
8293029363
8293024023
8293023337
8293021294
8293011980
8293011889
8293011060
8291959506
8291945378
8291923000
8291888050
8291863972
8291796683
8291793170
8291762151
8291730258
8291725105
8291709988
8291660110
8291620162
8291617461
8291616188
8291599730
8291583203
8291570452
8291570152
8291538647
8291474587
8291438994
8291426956
8291425463
8291425256
8291414489
8291409343
8291399051
8291381857
8291377013
8291373109
8291359601
8291350700
8291345323
8291324974
8291322527
8291284571
8291281167
8291268604
8291268604
8291264551
8291263337
8291263337
8291254415
8291254305
8291253158
8291252904
8291248397
8291247539
8291244975
8291239969
8291239012
8291238185
8291236330
8291233764
8291229739
8291229430
8291226085
8291225898
8291224272
8291219056
8291217029
8291212909
8291212671
8291192068
8291191856
8291170075
8291166785
8291118205
8291118205
8291117666
8291114103
8291113936
8291112802
8291110030
8291089842
8291058060
8291056111
8291047415
8291041421
8291037182
8291028040
8288939522
8288921882
8288901132
8288867571
8288867571
8288849064
8288837702
8288831143
8288810804
8288786952
8288762535
8288699092
8288687870
8288615461
8288587169
8288564260
8288552779
8288552779
8288550591
8288524795
8288498011
8288490961
8288490961
8288490597
8288489972
8288465289
8288451136
8288447817
8288440280
8288420741
8288401993
8288393688
8288390277
8288381387
8288359601
8288353249
8288350904
8288350233
8288345260
8288339483
8288339242
8288339231
8288339082
8288339050
8288339033
8288339020
8288337565
8288335864
8288335823
8288334006
8288331658
8288321716
8288319304
8288299338
8288283284
8288248144
8288244358
8288229938
8288186666
8288171564
8288168207
8288158603
8288151624
8288146830
8288146830
8288141142
8288114481
8288111736
8288091203
8288083978
8288056429
8288031866
8288029005
8288020991
8288020027
8288019395
8288015334
8287521055
8287491774
8287461122
8287343557
8287184068
8287095501
8287071286
8287059118
8281814158
8281814087
8281364369
8281293083
8281240790
8281195333
8281137816
8281110884
