8287380451
8281646192
8288614155
8288626583
8294116415
8299265683
8288676073
8291920793
8296232842
8296599752
8294000193
8281800366
8281866586
8291271728
8299735173
8291125426
8299206066
8288167182
8288974480
8287233351
8287279941
8288807151
8288531495
8199795000
8288093710
8296005855
8296883130
8281653658
8281298761
8296948507
8299992012
8288581618
8293571661
8293271278
8296692797
8287352505
8288576451
8299730010
8296670222
8288154486
8299975405
8299767728
8281458671
8299735963
8288368288
8299999900
8299997710
8299992109
8299971433
8299927751
8299910254
8299836428
8299828250
8299822533
8299821303
8299813864
8299812681
8299810862
8299810501
8299770000
8299765426
8299744677
8299714016
8299695786
8299685001
8299384322
8299366615
8299348972
8299323805
8299254243
8299194161
8299193430
8299130133
8299096200
8299034627
8299032870
8299027634
8299026864
8299010092
8296973319
8296889871
8296740880
8296671400
8296667449
8296579980
8296449997
8296445979
8296148262
8296108094
8296010424
8294446506
8293811011
8293613340
8293555954
8293512018
8293414231
8293408888
8293391457
8293330123
8293316003
8293214696
8293211818
8293150214
8293113676
8293096376
8293081616
8293064743
8293024829
8293023644
8293022001
8293011052
8291689433
8291570086
8291538716
8291447166
8291428383
8291425260
8291281244
8291095010
8291058060
8291057983
8291004354
8288993063
8288887499
8288874902
8288847411
8288825919
8288824043
8288490961
8288411824
8288401991
8288385586
8288373081
8288360223
8288359292
8288334347
8288232223
8288182826
8288146830
8288141140
8234324331
8230241412
8299999428
8299999300
8299997719
8299995205
8299991520
8299989577
8299974717
8299970623
8299970100
8299966772
8299953305
8299943794
8299931323
8299930710
8299930185
8299929020
8299928292
8299926538
8299926040
8299923950
8299918585
8299839000
8299835872
8299835057
8299832449
8299832157
8299830842
8299822627
8299821320
8299819153
8299816850
8299814183
8299813925
8299813495
8299811021
8299786820
8299774873
8299766434
8299764338
8299761670
8299735419
8299731000
8299730900
8299727171
8299722404
8299711040
8299694139
8299693000
8299685857
8299685856
8299685005
8299683730
8299629200
8299611554
8299587887
8299574309
8299558365
8299554321
8299549409
8299480094
8299450535
8299444787
8299429740
8299425048
8299383888
8299380605
8299370800
8299369454
8299359065
8299356417
8299340203
8299329911
8299319936
8299316907
8299313387
8299312445
8299294268
8299283645
8299282520
8299264464
8299258114
8299255834
8299255149
8299225107
8299221732
8299214510
8299214182
8299213381
8299205000
8299203939
8299171083
8299167589
8299161121
8299141110
8299096021
8299095782
8299092253
8299070253
8299038668
8299036140
8299022626
8299021285
8299016509
8298185555
8296961152
8296942107
8296910782
8296784736
8296774433
8296752603
8296742174
8296736357
8296729399
8296655914
8296644847
8296628806
8296537027
8296523232
8296501001
8296496776
8296496676
8296357080
8296324596
8296312225
8296279381
8296268700
8296247382
8296230673
8296226934
8296081673
8296024446
8293713110
8293674498
8293672807
8293616520
8293613639
8293571001
8293518015
8293516457
8293417377
8293413821
8293391457
8293350637
8293319510
8293317977
8293310007
8293279770
8293260751
8293216372
8293178847
8293177090
8293155959
8293133131
8293132827
8293130181
8293096265
8293087776
8293086863
8293085201
8293069005
8293067154
8293061736
8293057181
8293051273
8293047406
8293027178
8293022681
8293022131
8291959506
8291913576
8291913576
8291910219
8291896380
8291878903
8291820017
8291605691
8291592595
8291560396
8291517323
8291507016
8291375488
8291372426
8291343880
8291340889
8291298329
8291279541
8291274441
8291236337
8291234321
8291233238
8291211080
8291198057
8291161780
8291160131
8291119106
8291114103
8291113929
8291078778
8291077061
8291061081
8291056990
8288939522
8288936577
8288896571
8288883088
8288866708
8288852333
8288849833
8288843715
8288830007
8288828070
8288815395
8288812405
8288768304
8288743693
8288732467
8288713647
8288636759
8288615071
8288522062
8288517411
8288502404
8288491417
8288491110
8288447817
8288417465
8288409062
8288397757
8288368288
8288340609
8288339608
8288339077
8288335877
8288334183
8288332443
8288321017
8288299598
8288245370
8288222020
8288201633
8288197558
8288189523
8288152732
8288144959
8288138202
8288137546
8288087298
8288045552
8288042462
8287522542
8287394002
8287367357
8287348028
8281838025
8281530059
8281127307
8281085838
8281081126
8281026969
