8281023637
8281126500
8281148799
8281187880
8281230078
8281251463
8281256035
8281388844
8281461240
8281490555
8281515409
8281580383
8281580383
8281668718
8281671640
8281691259
8281858810
8284858810
8287034792
8287164421
8287171160
8287173598
8288020075
8288035156
8288038281
8288059502
8288083602
8288124429
8288184069
8288185916
8288223681
8288273529
8288280889
8288282891
8288292606
8288340630
8288344581
8288344581
8288355124
8288355139
8288355268
8288358150
8288358269
8288358277
8288358278
8288359342
8288359454
8288359957
8288364258
8288364268
8288364285
8288380101
8288410177
8288419968
8288423981
8288430431
8288469448
8288487051
8288513874
8288516178
8288527864
8288536456
8288560511
8288571365
8288571395
8288571397
8288794840
8288832538
8288879514
8288936866
8288966988
8291001495
8291010179
8291010915
8291011068
8291011376
8291012925
8291013415
8291013853
8291013937
8291015648
8291016026
8291016134
8291018271
8291020131
8291023078
8291025052
8291027252
8291027812
8291028049
8291028165
8291028172
8291029328
8291029927
8291032063
8291032082
8291032082
8291032087
8291034233
8291034233
8291034250
8291035208
8291035713
8291035724
8291035787
8291036649
8291037185
8291037716
8291037716
8291038923
8291039193
8291039696
8291040644
8291045163
8291049674
8291050024
8291051424
8291052799
8291053262
8291054205
8291055506
8291058234
8291058637
8291059636
8291060101
8291063970
8291065088
8291065760
8291066251
8291069732
8291073085
8291073626
8291073795
8291074477
8291075927
8291079841
8291084131
8291086039
8291086405
8291087858
8291089127
8291089788
8291090627
8291092371
8291092472
8291093592
8291097274
8291097702
8291097710
8291097826
8291097886
8291098434
8291098629
8291098926
8291098934
8291098949
8291099012
8291099234
8291102120
8291111156
8291111838
8291112511
8291113003
8291113111
8291113379
8291113542
8291113991
8291114395
8291114935
8291115791
8291116075
8291116427
8291120089
8291120241
8291120241
8291120629
8291121406
8291122829
8291122895
8291123461
8291123915
8291124196
8291125959
8291126398
8291129664
8291130300
8291131661
8291134228
8291134228
8291136810
8291138263
8291139399
8291139471
8291139471
8291139727
8291141445
8291141889
8291142197
8291142754
8291144645
8291144842
8291145304
8291147069
8291148354
8291148986
8291150063
8291150063
8291151505
8291151507
8291153676
8291153843
8291154123
8291154400
8291155468
8291156049
8291156677
8291158309
8291158960
8291159942
8291160636
8291160813
8291163099
8291165714
8291165714
8291166003
8291167245
8291167304
8291168425
8291168707
8291168925
8291169114
8291169798
8291170982
8291171062
8291173196
8291174025
8291174117
8291174141
8291174544
8291174602
8291176971
8291177510
8291181608
8291181663
8291182501
8291182546
8291182566
8291182604
8291182814
8291184246
8291184269
8291184452
8291184655
8291184913
8291186302
8291187347
8291187547
8291187800
8291187825
8291189663
8291191472
8291191580
8291192256
8291192521
8291194417
8291194784
8291195088
8291195102
8291195156
8291196900
8291198384
8291198825
8291199281
8291199323
8291199621
8291204167
8291204265
8291204275
8291205999
8291206012
8291206818
8291206874
8291210222
8291212974
8291213121
8291213219
8291214251
8291215136
8291215643
8291218196
8291218558
8291220582
8291221010
8291221293
8291221609
8291222507
8291222990
8291223065
8291223079
8291225151
8291226190
8291226956
8291227705
8291228012
8291229603
8291230266
8291230345
8291231002
8291231126
8291231126
8291231208
8291231215
8291231848
8291232551
8291234038
8291234361
8291237349
8291238231
8291239250
8291240074
8291240291
8291240291
8291241069
8291242473
8291243363
8291243621
8291244068
8291244238
8291245404
8291247027
8291247133
8291250250
8291250342
8291250408
8291251320
8291254110
8291254778
8291255979
8291256374
8291256625
8291256944
8291257205
8291257901
8291257908
8291258185
8291258232
8291258813
8291259130
8291259155
8291262560
8291262694
8291263180
8291263730
8291266367
8291267973
8291268457
8291269870
8291271822
8291272113
8291272309
8291273462
8291274846
8291275007
8291275007
8291275215
8291275251
8291276607
8291277076
8291278578
8291278889
8291279495
8291280616
8291280969
8291281066
8291281360
8291281476
8291282275
8291285318
8291285695
8291285810
8291286336
8291286517
8291287477
8291287527
8291288772
8291289207
8291289483
8291289497
8291290579
8291291123
8291292954
8291294693
8291294738
8291295586
8291296372
8291297570
8291297577
8291298215
8291301742
8291302768
8291306523
8291310301
8291310581
8291311050
8291311394
8291311455
8291311575
8291311792
8291312223
8291312223
8291312489
8291313042
8291313270
8291314132
8291315049
8291315111
8291315640
8291315731
8291316113
8291318291
8291318434
8291318774
8291318893
8291319084
8291319136
8291319804
8291320147
8291320418
8291321184
8291322359
8291322683
8291325364
8291329894
8291333358
8291333954
8291335650
8291336527
8291336784
8291336949
8291341819
8291342648
8291343079
8291344284
8291344378
8291345766
8291345768
8291345812
8291345991
8291346071
8291346566
8291348190
8291348210
8291348210
8291348275
8291348910
8291350304
8291350825
8291352027
8291353155
8291359255
8291362173
8291362925
8291366242
8291366326
8291366571
8291366750
8291366770
8291368311
8291368371
8291368473
8291368720
8291368881
8291368983
8291369010
8291369012
8291369452
8291369452
8291370347
8291370830
8291372429
8291373216
8291374217
8291374938
8291375328
8291376056
8291377191
8291377307
8291377434
8291377511
8291379136
8291379745
8291380572
8291383219
8291388741
8291388827
8291388940
8291390186
8291390343
8291392835
8291392835
8291393186
8291393201
8291393542
8291394916
8291394916
8291395261
8291395684
8291395684
8291396254
8291398737
8291399919
8291400364
8291402768
8291404484
8291406016
8291406853
8291410205
8291410210
8291410911
8291411467
8291411591
8291412437
8291413367
8291413477
8291414097
8291415041
8291415762
8291415762
8291416035
8291417602
8291418574
8291419306
8291419713
8291420040
8291420239
8291421025
8291421313
8291422223
8291423699
8291423787
8291424370
8291424462
8291424536
8291426427
8291427514
8291429125
8291429131
8291429139
8291429156
8291429172
8291430972
8291433677
8291434157
8291435680
8291437196
8291437383
8291437632
8291438184
8291440125
8291440196
8291440504
8291440655
8291440687
8291440733
8291441963
8291442086
8291442316
8291444101
8291444285
8291446213
8291446223
8291447083
8291448122
8291448505
8291448874
8291451953
8291453047
8291455360
8291458084
8291458808
8291459091
8291464230
8291464775
8291465483
8291465714
8291466711
8291466858
8291469171
8291470323
8291470592
8291470646
8291472140
8291472231
8291474636
8291475148
8291475450
8291475450
8291475613
8291477699
8291477716
8291477737
8291477737
8291478386
8291478555
8291479557
8291481854
8291481965
8291483184
8291483184
8291485893
8291486222
8291489324
8291489324
8291490373
8291490477
8291490540
8291491207
8291491406
8291492585
8291493938
8291494466
8291495002
8291495322
8291495544
8291495718
8291496267
8291498608
8291502045
8291502878
8291506742
8291507733
8291507737
8291507745
8291508015
8291509981
8291511669
8291513660
8291513897
8291514238
8291514927
8291515427
8291515763
8291516529
8291516965
8291517363
8291518922
8291519306
8291519524
8291522207
8291522474
8291525154
8291529906
8291530637
8291530750
8291532546
8291532646
8291535647
8291535647
8291537001
8291543351
8291544132
8291544148
8291544148
8291544331
8291548666
8291550150
8291550231
8291552879
8291552928
8291553011
8291554467
8291555304
8291556005
8291556513
8291558265
8291558421
8291558929
8291559287
8291559921
8291563876
8291563926
8291565374
8291567241
8291567625
8291568328
8291568589
8291569190
8291569442
8291569612
8291570954
8291571505
8291571958
8291572129
8291573375
8291573569
8291573675
8291574382
8291574900
8291576699
8291576854
8291577591
8291577889
8291578577
8291578645
8291579115
8291579398
8291579398
8291579512
8291580812
8291581930
8291584409
8291584409
8291586876
8291587729
8291587794
8291593436
8291593804
8291596259
8291596603
8291597114
8291601176
8291601176
8291601888
8291601891
8291603225
8291603225
8291603225
8291604565
8291609664
8291612335
8291613235
8291613235
8291614612
8291617469
8291618609
8291626088
8291627426
8291628048
8291628920
8291630058
8291630237
8291630491
8291630736
8291630796
8291632983
8291633551
8291633743
8291633877
8291633878
8291633878
8291634026
8291634232
8291636810
8291637769
8291637822
8291638026
8291639407
8291640004
8291640162
8291640496
8291642393
8291645404
8291646032
8291647220
8291650513
8291650939
8291652016
8291653078
8291653755
8291653800
8291657065
8291658113
8291658131
8291658135
8291663070
8291663086
8291663529
8291663701
8291663851
8291666854
8291667449
8291667464
8291667547
8291668157
8291675329
8291676755
8291680837
8291685205
8291685948
8291686523
8291686613
8291687060
8291689200
8291692448
8291692553
8291692724
8291694435
8291696552
8291696592
8291697068
8291697859
8291698622
8291699527
8291699596
8291699596
8291709018
8291709099
8291709223
8291710670
8291710717
8291711201
8291713650
8291714256
8291714540
8291715096
8291715836
8291728372
8291728800
8291729088
8291730504
8291731099
8291731099
8291731108
8291731120
8291731125
8291731235
8291731382
8291732008
8291733808
8291734403
8291734678
8291737340
8291740230
8291740309
8291740727
8291741716
8291743043
8291743066
8291743449
8291745514
8291745514
8291746737
8291747774
8291748016
8291748426
8291748937
8291749943
8291750767
8291751387
8291753472
8291753582
8291753696
8291753722
8291756735
8291756740
8291756747
8291756757
8291758289
8291758289
8291758911
8291759086
8291759888
8291760332
8291760484
8291760618
8291762355
8291762358
8291764081
8291764088
8291764088
8291764181
8291765897
8291765921
8291767311
8291767354
8291767738
8291767757
8291767757
8291768525
8291768979
8291771425
8291772063
8291772143
8291772317
8291772398
8291772698
8291774018
8291774025
8291774025
8291774057
8291774103
8291774818
8291776524
8291778141
8291779054
8291779668
8291780079
8291782523
8291789381
8291789392
8291791231
8291791713
8291797302
8291799405
8291799532
8291805160
8291805242
8291807533
8291812071
8291812819
8291813145
8291817346
8291817352
8291817668
8291818210
8291820293
8291820762
8291822737
8291825307
8291825356
8291826410
8291829337
8291829604
8291829604
8291829903
8291830143
8291832061
8291834613
8291834655
8291834656
8291834667
8291834676
8291837317
8291837982
8291837982
8291838016
8291838024
8291838026
8291838223
8291842452
8291842462
8291843962
8291844426
8291844426
8291844442
8291847820
8291847825
8291848313
8291848345
8291848356
8291849770
8291852987
8291855887
8291858066
8291858131
8291875608
8291877512
8291879877
8291880842
8291883059
8291884837
8291884845
8291884858
8291884890
8291886301
8291886308
8291889943
8291890288
8291891893
8291892548
8291894340
8291896227
8291896228
8291896236
8291898751
8291899944
8291900683
8291902196
8291902501
8291904462
8291905304
8291910089
8291917192
8291917299
8291917617
8291918188
8291920509
8291927620
8291927974
8291929110
8291935740
8291936690
8291938333
8291939732
8291941114
8291947584
8291951391
8291956828
8291966750
8291966780
8291966934
8291966955
8291966961
8291966977
8291967010
8291967020
8291967034
8291967041
8291967344
8291967352
8291967387
8291969328
8291978946
8291989216
8291989293
8291989923
8291990003
8291990120
8291992467
8291996120
8291998238
8292427165
8293003577
8293004478
8293004715
8293010325
8293011733
8293013817
8293014971
8293017449
8293018498
8293019120
8293020284
8293020614
8293022005
8293022040
8293022941
8293023366
8293023382
8293023520
8293023568
8293023814
8293023914
8293023947
8293023953
8293027068
8293027072
8293027854
8293028660
8293028815
8293029532
8293031066
8293032143
8293032709
8293032967
8293033580
8293033624
8293035047
8293035722
8293036895
8293037942
8293038285
8293038613
8293040150
8293041528
8293042202
8293042702
8293044948
8293045149
8293045597
8293046438
8293047397
8293047823
8293049157
8293051244
8293051431
8293051980
8293053284
8293053792
8293055529
8293055589
8293056082
8293056282
8293057137
8293057144
8293061373
8293061990
8293062206
8293063726
8293063849
8293063949
8293065269
8293067664
8293067857
8293068660
8293068950
8293069110
8293069224
8293069418
8293069428
8293069679
8293069813
8293070071
8293070473
8293071680
8293073209
8293074246
8293077068
8293078987
8293079927
8293079968
8293080198
8293080784
8293081583
8293086494
8293086794
8293087192
8293088679
8293090501
8293091112
8293091390
8293093073
8293093446
8293094856
8293096995
8293097004
8293097315
8293098465
8293098899
8293099005
8293099143
8293099588
8293099643
8293099853
8293105122
8293105691
8293107801
8293109615
8293111541
8293112512
8293117367
8293118906
8293120149
8293120740
8293121364
8293122672
8293127181
8293128035
8293128053
8293128341
8293130708
8293131822
8293132536
8293133139
8293137614
8293138247
8293138569
8293138601
8293139006
8293140905
8293141092
8293146347
8293146968
8293148908
8293149029
8293149073
8293149366
8293153131
8293153904
8293155499
8293156263
8293156437
8293156440
8293159725
8293159793
8293159936
8293160237
8293160971
8293161826
8293162718
8293162961
8293163047
8293163295
8293164126
8293165891
8293166768
8293170227
8293170622
8293170678
8293171001
8293171100
8293171240
8293171386
8293171417
8293171429
8293171537
8293171587
8293171686
8293171832
8293172043
8293173109
8293173404
8293173712
8293173866
8293174058
8293174058
8293174344
8293174352
8293174796
8293174963
8293174992
8293176394
8293179534
8293179534
8293179733
8293179760
8293179812
8293179890
8293180266
8293181789
8293183296
8293184181
8293185364
8293186773
8293187807
8293192477
8293193818
8293195970
8293198788
8293198974
8293200180
8293200207
8293200227
8293202811
8293208990
8293208999
8293211211
8293211249
8293211302
8293211606
8293211919
8293212903
8293212903
8293214120
8293214236
8293214871
8293215351
8293217058
8293218089
8293218584
8293220070
8293221582
8293223371
8293223434
8293223443
8293223485
8293223619
8293223660
8293223847
8293223849
8293225007
8293225167
8293225446
8293227476
8293231345
8293231802
8293231907
8293231913
8293232085
8293232085
8293232286
8293232305
8293232426
8293233374
8293235799
8293237130
8293237133
8293237133
8293237141
8293237673
8293238293
8293238293
8293238616
8293240081
8293242355
8293242875
8293242989
8293244178
8293244519
8293245084
8293245532
8293248139
8293250454
8293252704
8293253071
8293255702
8293257805
8293261372
8293262391
8293262391
8293262973
8293263848
8293264057
8293264655
8293265018
8293265816
8293267081
8293267235
8293268204
8293268204
8293270714
8293270773
8293271065
8293274708
8293274874
8293275961
8293275968
8293276100
8293277855
8293280631
8293281166
8293281561
8293282737
8293284232
8293284247
8293286540
8293286726
8293286931
8293288295
8293288555
8293288836
8293293548
8293294596
8293295017
8293296420
8293296947
8293297087
8293299201
8293301417
8293302337
8293303991
8293304450
8293304462
8293307351
8293310437
8293310437
8293311481
8293311533
8293311885
8293311885
8293311974
8293312907
8293313934
8293313984
8293314125
8293314901
8293316977
8293318932
8293321833
8293321853
8293321876
8293322658
8293322903
8293325450
8293326099
8293326957
8293327159
8293328877
8293329581
8293329863
8293330407
8293331097
8293331161
8293331806
8293332344
8293332421
8293333519
8293333835
8293339993
8293340800
8293341019
8293344363
8293345084
8293345764
8293346144
8293346167
8293346188
8293346407
8293346612
8293346897
8293346909
8293348216
8293349981
8293350008
8293350371
8293354703
8293354703
8293356348
8293357118
8293357213
8293357276
8293357298
8293358203
8293360911
8293361278
8293362537
8293362588
8293362607
8293363050
8293363143
8293364861
8293365888
8293365932
8293365996
8293367198
8293367826
8293369215
8293369550
8293371004
8293371029
8293372426
8293372784
8293372796
8293374398
8293375001
8293377843
8293378025
8293378051
8293378064
8293378689
8293379220
8293382013
8293382015
8293387077
8293389180
8293389369
8293393717
8293397419
8293398476
8293405200
8293405635
8293405756
8293407199
8293407244
8293407266
8293409797
8293410448
8293411229
8293411229
8293412197
8293413538
8293413538
8293414580
8293414890
8293418529
8293419199
8293419387
8293422223
8293424005
8293424329
8293425660
8293426531
8293427179
8293427181
8293427221
8293427230
8293427244
8293427627
8293434284
8293435811
8293438151
8293446441
8293447357
8293447816
8293447816
8293448192
8293448518
8293448532
8293448556
8293448556
8293449274
8293456133
8293456133
8293456846
8293458521
8293459442
8293461111
8293462604
8293463589
8293474928
8293483602
8293483719
8293496152
8293503170
8293503198
8293503198
8293503213
8293503214
8293503572
8293504587
8293505048
8293505048
8293505743
8293509611
8293514546
8293518255
8293519196
8293524336
8293525588
8293525718
8293526601
8293527998
8293528040
8293528104
8293530614
8293530826
8293533622
8293535880
8293536525
8293537412
8293538915
8293541920
8293541933
8293548342
8293562436
8293568577
8293570684
8293582322
8293583446
8293584102
8293592257
8293592315
8293593153
8293599829
8293599862
8293602668
8293602670
8293602676
8293604409
8293608766
8293610869
8293611270
8293611738
8293612530
8293614374
8293615128
8293617789
8293617853
8293618351
8293621720
8293623164
8293623724
8293626277
8293629489
8293631417
8293631468
8293631812
8293632929
8293632929
8293635913
8293637673
8293639349
8293645824
8293645969
8293646265
8293651385
8293653328
8293663696
8293668612
8293669196
8293678780
8293678834
8293679459
8293679566
8293679645
8293687960
8293687960
8293688186
8293691919
8293697373
8293698408
8293700349
8293700365
8293704308
8293705564
8293705592
8293707796
8293707815
8293710682
8293710757
8293712381
8293717988
8293718129
8293718223
8293723924
8293723978
8293724005
8293726641
8293728542
8293729545
8293730114
8293732629
8293736231
8293736888
8293736931
8293750099
8293753244
8293755173
8293755173
8293771120
8293787398
8293787426
8293787436
8293797759
8293797759
8293799668
8293799668
8293801337
8293803279
8293805039
8293805306
8293809007
8293809007
8293809057
8293809671
8293809671
8293809847
8293809891
8293810091
8293810091
8293811934
8293812017
8293812502
8293812792
8293813931
8293814846
8293817355
8293817746
8293817836
8293817848
8293818751
8293818782
8293822342
8293823641
8293828234
8293830670
8293830804
8293845950
8293873091
8293873631
8293888207
8293891002
8293891799
8293898949
8293903998
8293904005
8293904506
8293913080
8293913096
8293913583
8293919528
8293927858
8293927887
8293956015
8293977438
8293977543
8293977734
8293979774
8294016400
8294017092
8294047352
8294049088
8294051671
8294067919
8294067919
8294076484
8294086462
8294094778
8294108251
8294108547
8294108581
8294108622
8294127646
8294440549
8294440847
8294440892
8294440921
8294441602
8294441930
8294442034
8294444254
8294444412
8294444583
8294444589
8294447343
8294448451
8294449833
8295436522
8296000073
8296003452
8296003940
8296009488
8296010999
8296013567
8296019095
8296029165
8296031720
8296032817
8296033661
8296034096
8296034370
8296037498
8296038326
8296040045
8296050089
8296050810
8296053562
8296061116
8296061912
8296066294
8296066667
8296072549
8296072568
8296073671
8296073887
8296074034
8296074084
8296075269
8296075582
8296075942
8296076755
8296081943
8296083583
8296087899
8296089542
8296092122
8296092333
8296094626
8296095713
8296104782
8296110441
8296113790
8296123239
8296123724
8296123858
8296140808
8296156311
8296157000
8296162729
8296162795
8296171220
8296173281
8296183373
8296190911
8296208886
8296213089
8296216307
8296219258
8296226478
8296229536
8296234093
8296234283
8296236480
8296237329
8296251067
8296251127
8296252082
8296256834
8296262029
8296269453
8296272881
8296275343
8296280277
8296284927
8296285088
8296285088
8296285852
8296288185
8296294421
8296294624
8296296648
8296299405
8296300399
8296301957
8296306552
8296307942
8296316995
8296317165
8296334245
8296335214
8296340050
8296347207
8296348255
8296348255
8296350992
8296353908
8296353908
8296358743
8296367818
8296374158
8296375235
8296379825
8296383191
8296383658
8296386677
8296388544
8296389890
8296400509
8296402804
8296417522
8296421025
8296421607
8296421676
8296422236
8296434605
8296439740
8296443834
8296444049
8296446397
8296450404
8296463791
8296474827
8296481970
8296484136
8296505503
8296510183
8296513985
8296513987
8296535320
8296545315
8296546045
8296548562
8296559145
8296563773
8296587518
8296589554
8296591707
8296594872
8296600369
8296601244
8296611026
8296612881
8296615359
8296615359
8296615667
8296616197
8296618285
8296625859
8296643131
8296645500
8296656194
8296674262
8296679253
8296679964
8296701794
8296704370
8296704403
8296705825
8296731430
8296733576
8296735135
8296735552
8296738189
8296738215
8296740256
8296743055
8296751962
8296751962
8296754705
8296774353
8296777976
8296777976
8296788814
8296793877
8296799664
8296813563
8296843023
8296843481
8296856567
8296860948
8296912185
8296926412
8296935496
8296954612
8296956578
8296965290
8296966508
8296984012
8296984012
8296989746
8296995667
8296995667
8298024545
8298029890
8298029890
8298039955
8298054039
8298090209
8298105626
8298186471
8298227692
8299002525
8299004457
8299005324
8299005421
8299006772
8299006772
8299008877
8299023585
8299026613
8299028819
8299032003
8299035921
8299036713
8299048701
8299052523
8299052808
8299064410
8299064818
8299067561
8299067683
8299068192
8299068850
8299071125
8299073575
8299074152
8299074281
8299090046
8299094805
8299096012
8299096212
8299098110
8299099034
8299105353
8299108900
8299110494
8299113580
8299113654
8299116293
8299126280
8299126604
8299126891
8299128138
8299130823
8299131280
8299132247
8299132339
8299138321
8299139235
8299141029
8299142071
8299145594
8299152732
8299153759
8299159847
8299161356
8299161494
8299161580
8299161585
8299163166
8299166166
8299169744
8299174187
8299176005
8299176577
8299179189
8299180525
8299187098
8299187252
8299191845
8299193344
8299194138
8299197052
8299197057
8299202079
8299202079
8299203976
8299205148
8299205924
8299207692
8299207768
8299212536
8299213505
8299218133
8299223708
8299224228
8299224292
8299240613
8299241486
8299241490
8299245005
8299246975
8299248505
8299250828
8299252572
8299259808
8299260077
8299262624
8299263878
8299263935
8299266409
8299266551
8299266831
8299267961
8299267991
8299270146
8299272017
8299272273
8299272883
8299274350
8299275630
8299276004
8299276239
8299277915
8299278595
8299278808
8299279267
8299280208
8299284051
8299286119
8299287495
8299288216
8299288350
8299289358
8299289672
8299294820
8299295951
8299300283
8299301404
8299302810
8299303331
8299303769
8299309297
8299309503
8299310669
8299310888
8299314584
8299315783
8299318095
8299318127
8299320949
8299321532
8299323998
8299338127
8299339753
8299342920
8299344162
8299350304
8299351005
8299353156
8299353299
8299358308
8299361070
8299362216
8299363204
8299366370
8299369606
8299370652
8299370652
8299377278
8299380135
8299380374
8299380380
8299389027
8299389752
8299392673
8299399209
8299407699
8299408370
8299416770
8299430070
8299430105
8299431864
8299454672
8299459777
8299462040
8299464322
8299467076
8299468564
8299468712
8299471227
8299475824
8299477160
8299478515
8299481770
8299481865
8299484383
8299485913
8299489200
8299497333
8299500128
8299502675
8299509209
8299511513
8299514453
8299515943
8299517219
8299517264
8299518386
8299518459
8299518716
8299524780
8299527206
8299532397
8299532765
8299535384
8299535809
8299540449
8299546764
8299551399
8299552248
8299553008
8299554463
8299555270
8299555885
8299555885
8299566665
8299569393
8299569562
8299571283
8299573896
8299575177
8299579798
8299583859
8299583959
8299587843
8299589128
8299597025
8299601519
8299603236
8299604335
8299605771
8299612130
8299617706
8299617767
8299618846
8299618985
8299621762
8299624351
8299628270
8299628270
8299642465
8299642910
8299644733
8299645529
8299646841
8299647586
8299656258
8299666248
8299675217
8299676893
8299677438
8299677438
8299681042
8299683069
8299685916
8299686034
8299686157
8299691112
8299691112
8299691944
8299692598
8299692729
8299695245
8299698042
8299698655
8299706811
8299707831
8299712295
8299713060
8299713839
8299714298
8299716056
8299716653
8299718159
8299718232
8299722498
8299724085
8299724351
8299726011
8299726273
8299731675
8299733505
8299735730
8299735859
8299736677
8299737094
8299741165
8299748291
8299748413
8299753313
8299753969
8299754455
8299755191
8299757685
8299759750
8299760644
8299761845
8299765754
8299765892
8299775507
8299782709
8299792411
8299800520
8299800755
8299801594
8299804151
8299806089
8299806133
8299808070
8299814297
8299814608
8299818194
8299820132
8299820522
8299820647
8299820876
8299820891
8299822393
8299822846
8299823641
8299824252
8299824961
8299825221
8299825716
8299826154
8299826448
8299826971
8299828096
8299833883
8299838430
8299840789
8299840897
8299841467
8299841857
8299842923
8299844420
8299844531
8299844531
8299844719
8299846025
8299849464
8299851313
8299852051
8299852631
8299856010
8299856669
8299857986
8299858437
8299858637
8299859141
8299859801
8299859951
8299861652
8299871416
8299872739
8299872820
8299873273
8299873273
8299878629
8299881594
8299883577
8299884342
8299887662
8299899539
8299904011
8299904113
8299905758
8299913775
8299914304
8299914781
8299914840
8299915070
8299918305
8299921747
8299921865
8299923724
8299926831
8299928215
8299928848
8299931011
8299931949
8299932485
8299932486
8299933014
8299934133
8299939215
8299939215
8299940895
8299944471
8299949544
8299957259
8299957678
8299957971
8299963824
8299965793
8299965817
8299967881
8299967979
8299968640
8299970848
8299972554
8299973752
8299976364
8299979667
8299979866
8299981078
8299982113
8299984356
8299986046
8299991064
8299991068
8299992021
8299994560
8299995422
8299999116
