9169
8100
8101
8102
8103
8104
8105
8106
8107
8108
8109
8111
8112
8113
8114
8115
8116
8117
8118
8119
8120
8121
8122
8123
8124
8125
8126
8127
8128
8129
8130
8131
8132
8134
8135
8136
8137
8138
8139
8141
8142
8143
8145
8146
8147
8149
8150
8151
8153
8154
8155
8156
8157
8158
8159
8160
8161
8163
8164
8165
8166
8167
8168
8169
8170
8171
8173
8174
8175
8176
8180
8181
8182
8183
8184
8185
8189
8192
8203
8217
8218
8220
8222
8223
8224
8225
8226
8227
8228
8231
8232
8233
8235
8236
8237
8242
8255
8262
8264
8266
8268
8274
8293
8296
8297
8299
8313
8318
8325
8420
8485
8569
8641
8701
8702
8703
8704
8705
8706
8707
8708
8709
8711
8713
8715
8716
8717
8718
8719
8721
8722
8723
8724
8725
8727
8728
8729
8731
8732
8733
8734
8735
8736
8737
8738
8739
8741
8742
8743
8744
8745
8746
8749
8752
8753
8755
8759
8778
8800
8801
8802
8803
8804
8805
8806
8807
8808
8809
8810
8811
8812
8813
8814
8815
8816
8817
8818
8819
8820
8821
8822
8823
8824
8825
8826
8827
8828
8829
8830
8831
8832
8833
8834
8835
8836
8837
8838
8839
8840
8841
8842
8843
8844
8845
8846
8847
8848
8849
8850
8851
8852
8853
8854
8855
8856
8857
8858
8859
8860
8861
8862
8863
8864
8865
8866
8867
8868
8869
8870
8871
8872
8874
8875
8876
8877
8878
8879
8880
8881
8882
8883
8884
8885
8886
8887
8888
8889
8890
8891
8892
8893
8894
8895
8896
8897
8898
8899
9100
9101
9102
9103
9104
9105
9106
9107
9108
9109
9110
9111
9112
9113
9114
9115
9116
9117
9118
9119
9120
9121
9122
9123
9124
9125
9126
9127
9128
9129
9130
9131
9132
9133
9134
9135
9136
9137
9138
9139
9140
9141
9142
9143
9144
9145
9146
9147
9148
9149
9150
9151
9152
9153
9154
9155
9156
9157
9158
9159
9160
9161
9162
9163
9164
9165
9166
9167
9168
9170
9171
9172
9173
9174
9175
9176
9177
9178
9179
9180
9181
9182
9183
9184
9185
9186
9187
9188
9189
9190
9191
9192
9193
9194
9195
9196
9197
9198
9199
9212
9218
9222
9242
9252
9253
9257
9259
9263
9282
9300
9301
9302
9303
9304
9305
9306
9307
9308
9309
9310
9311
9312
9313
9314
9315
9316
9317
9318
9319
9320
9321
9322
9323
9324
9325
9326
9327
9328
9329
9330
9331
9332
9333
9334
9335
9336
9337
9338
9339
9340
9341
9342
9343
9344
9345
9346
9347
9348
9349
9350
9351
9352
9353
9354
9355
9356
9357
9358
9359
9360
9361
9362
9363
9364
9365
9366
9367
9368
9369
9370
9371
9372
9373
9375
9376
9377
9378
9379
9380
9381
9382
9383
9384
9386
9387
9388
9389
9390
9391
9392
9395
9397
9400
9401
9402
9404
9405
9406
9407
9408
9409
9410
9412
9413
9444
9518
9543
9600
9601
9602
9603
9604
9605
9606
9607
9608
9609
9610
9611
9612
9613
9614
9615
9616
9617
9618
9619
9620
9621
9622
9623
9624
9625
9626
9627
9628
9629
9630
9631
9632
9633
9634
9635
9636
9637
9638
9639
9640
9641
9642
9643
9644
9645
9646
9647
9648
9649
9650
9651
9652
9653
9654
9655
9656
9657
9658
9659
9660
9661
9662
9663
9664
9665
9666
9667
9668
9669
9670
9671
9672
9673
9674
9675
9676
9677
9678
9679
9680
9681
9682
9683
9684
9685
9686
9687
9688
9689
9690
9691
9692
9693
9694
9695
9696
9697
9698
9699
9702
9706
9708
9709
9712
9721
9724
9725
9730
9767
9773
9774
9776
9800
9801
9802
9803
9804
9805
9806
9807
9808
9809
9810
9811
9812
9813
9816
9817
9818
9822
9823
9831
9851
9862
9864
9865
9870
9880
9881
9882
9886
9888
9892
9900
9901
9902
9903
9904
9905
9906
9907
9908
9909
9910
9911
9912
9913
9914
9915
9916
9917
9918
9919
9920
9921
9922
9923
9924
9925
9926
9927
9928
9929
9930
9931
9932
9933
9934
9935
9936
9937
9938
9939
9940
9941
9942
9943
9944
9945
9946
9947
9948
9949
9950
9951
9952
9953
9954
9955
9956
9957
9958
9959
9960
9961
9962
9963
9964
9965
9966
9967
9968
9969
9970
9971
9972
9973
9974
9975
9976
9977
9978
9979
9980
9981
9982
9983
9984
9985
9986
9987
9988
9989
9990
9991
9992
9993
9994
9995
9996
9997
9998
9999
9433
2607
