8299990928
8281115565
8281115565
8281123383
8281233839
8281698132
8281838025
8287079111
8287085629
8287085629
8287097355
8287142482
8287145672
8287521372
8287528575
8287528578
8287543323
8288016227
8288016277
8288019745
8288024802
8288029012
8288038385
8288092626
8288111592
8288116959
8288149643
8288151540
8288152875
8288166153
8288212158
8288223837
8288229470
8288243767
8288265836
8288271197
8288288150
8288313372
8288322383
8288331632
8288332443
8288334070
8288334373
8288335823
8288373221
8288390442
8288394509
8288400101
8288411623
8288426400
8288442370
8288461103
8288483323
8288490600
8288524831
8288527277
8288537029
8288546559
8288552068
8288554080
8288559888
8288577328
8288691554
8288694996
8288720203
8288786438
8288789275
8288792301
8288792301
8288814131
8288824968
8288828028
8288971802
8288972528
8291019205
8291020823
8291021234
8291051689
8291060606
8291062074
8291098444
8291114235
8291114235
8291123949
8291125434
8291160131
8291160131
8291166034
8291170217
8291170460
8291193375
8291198661
8291234207
8291280463
8291281244
8291296547
8291320112
8291325828
8291526140
8291545227
8291612409
8291911473
8291931221
8293028078
8293051273
8293081880
8293107290
8293160855
8293185268
8293189674
8293224891
8293228002
8293299052
8293299062
8293319879
8293320547
8293414025
8293414338
8293512018
8293611166
8293680042
8293706806
8293718123
8293719509
8293830231
8296045658
8296081716
8296115781
8296156657
8296166059
8296270303
8296289399
8296298454
8296326011
8296360766
8296389220
8296390788
8296486564
8296503000
8296508743
8296523232
8296560125
8296593130
8296668881
8296699779
8296714365
8296740880
8296906328
8296932611
8296945109
8298000405
8298035151
8298085978
8298089090
8299005454
8299012230
8299016509
8299020341
8299020501
8299024387
8299024539
8299026343
8299029902
8299037552
8299039794
8299041050
8299045663
8299064379
8299071979
8299081809
8299095400
8299101581
8299127090
8299127963
8299130044
8299140184
8299210323
8299216955
8299227792
8299256061
8299256266
8299258979
8299270955
8299283989
8299286000
8299289335
8299310032
8299312877
8299333399
8299346544
8299374078
8299393969
8299429740
8299450105
8299457753
8299472168
8299501476
8299501476
8299512151
8299539838
8299571159
8299632268
8299664086
8299693068
8299707899
8299711451
8299711669
8299714551
8299717747
8299722857
8299723517
8299726431
8299727450
8299728287
8299729220
8299731050
8299733104
8299737552
8299744442
8299754716
8299759488
8299760127
8299766029
8299786964
8299786964
8299789489
8299794250
8299811300
8299812601
8299812652
8299813598
8299813948
8299814421
8299815041
8299819753
8299819815
8299823145
8299824903
8299827301
8299828097
8299829655
8299829655
8299829695
8299830318
8299832354
8299832564
8299837020
8299837020
8299837219
8299837219
8299847116
8299891353
8299911307
8299911919
8299915590
8299925606
8299926157
8299927099
8299927099
8299930188
8299931250
8299976752
8299976753
8281096704
8281096704
8281255134
8281329524
8287528572
8287528846
8288012341
8288012341
8288016666
8288023747
8288024550
8288029800
8288071877
8288100147
8288195676
8288237477
8288281131
8288408025
8288441666
8288545001
8288571659
8288685850
8288786952
8288841145
8288841145
8288845025
8291091539
8291091539
8291416964
8291416964
8293011049
8293317693
8293417377
8294444772
8296048638
8296068080
8296077979
8296077979
8296271133
8296390788
8296390788
8296390788
8296669441
8296669441
8296864876
8296973319
8299130239
8299221281
8299260058
8299283287
8299309090
8299340020
8299383048
8299460645
8299685856
8299685856
8299736029
8299737886
8299766139
8299766139
8299783824
8299805979
8299825806
8299825806
8299828099
8299828099
8299828099
8299828099
8299831133
8299839285
8299839285
8299851506
8299971077
